sim_time, uav1/rotor_2_joint?0/velocity
118.456, -44.5877
118.46, -44.8805
118.464, -45.1446
118.468, -45.4911
118.472, -45.8804
118.476, -46.2662
118.48, -46.5635
118.484, -46.7622
118.488, -46.673
118.492, -46.504
118.496, -46.3599
118.5, -46.1351
118.504, -45.7764
118.508, -45.3964
118.512, -45.0077
118.516, -44.63
118.52, -44.2803
118.524, -43.9636
118.528, -43.6938
118.532, -43.3617
118.536, -43.1344
118.54, -43.0057
118.544, -42.8682
118.548, -42.7881
118.552, -42.8165
118.556, -43.0092
118.56, -43.321
118.564, -43.7367
118.568, -44.0214
118.572, -44.3656
118.576, -44.7188
118.58, -45.044
118.584, -45.349
118.588, -45.536
118.592, -45.6546
118.596, -45.7064
118.6, -45.6988
118.604, -45.488
118.608, -45.2247
118.612, -44.9447
118.616, -44.6412
118.62, -44.3268
118.624, -43.9753
118.628, -43.5922
118.632, -43.2472
118.636, -42.9626
118.64, -42.7478
118.644, -42.574
118.648, -42.491
118.652, -42.448
118.656, -42.535
118.66, -42.7358
118.664, -43.0536
118.668, -43.3703
118.672, -43.6863
118.676, -44.0534
118.68, -44.4404
118.684, -44.8073
118.688, -45.0739
118.692, -45.3018
118.696, -45.4673
118.7, -45.5358
118.704, -45.5349
118.708, -45.4597
118.712, -45.3492
118.716, -45.1808
118.72, -44.9816
118.724, -44.6447
118.728, -44.3205
118.732, -44.0072
118.736, -43.6937
118.74, -43.408
118.744, -43.1553
118.748, -42.9121
118.752, -42.742
118.756, -42.597
118.76, -42.5385
118.764, -42.6008
118.768, -42.8181
118.772, -43.0619
118.776, -43.3937
118.78, -43.7894
118.784, -44.2144
118.788, -44.5746
118.792, -44.9566
118.796, -45.3028
118.8, -45.6573
118.804, -45.932
118.808, -46.0283
118.812, -46.0638
118.816, -46.0406
118.82, -46.1243
118.824, -46.1015
118.828, -46.017
118.832, -45.8707
118.836, -45.6996
118.84, -45.5074
118.844, -45.3065
118.848, -45.1352
118.852, -44.9986
118.856, -44.8451
118.86, -44.6956
118.864, -44.5776
118.868, -44.5048
118.872, -44.4521
118.876, -44.3979
118.88, -44.536
118.884, -44.6706
118.888, -44.7684
118.892, -44.891
118.896, -45.0316
118.9, -45.1854
118.904, -45.3658
118.908, -45.514
118.912, -45.7592
118.916, -45.9545
118.92, -46.0791
118.924, -46.1695
118.928, -46.1586
118.932, -46.1214
118.936, -46.0525
118.94, -46.0496
118.944, -46.0099
118.948, -45.9297
118.952, -45.8149
118.956, -45.68
118.96, -45.63
118.964, -45.5595
118.968, -45.4902
118.972, -45.4125
118.976, -45.3278
118.98, -45.2556
118.984, -45.2033
118.988, -45.168
118.992, -45.1472
118.996, -45.1296
119, -45.3252
119.004, -45.5017
119.008, -45.6642
119.012, -45.8167
119.016, -45.9446
119.02, -46.0719
119.024, -46.1643
119.028, -46.2142
119.032, -46.3536
119.036, -46.4032
119.04, -46.3948
119.044, -46.3412
119.048, -46.2584
119.052, -46.2342
119.056, -46.3337
119.06, -46.3371
119.064, -46.6664
119.068, -46.8538
119.072, -46.9383
119.076, -46.9481
119.08, -46.9241
119.084, -46.8572
119.088, -46.8373
119.092, -46.8017
119.096, -46.7064
119.1, -46.5602
119.104, -46.4078
119.108, -46.2779
119.112, -46.1208
119.116, -45.9405
119.12, -45.7682
119.124, -45.5843
119.128, -45.4276
119.132, -45.2755
119.136, -45.1366
119.14, -44.9996
119.144, -44.8922
119.148, -44.8947
119.152, -44.9309
119.156, -44.9915
119.16, -45.1731
119.164, -45.3566
119.168, -45.5586
119.172, -45.7741
119.176, -45.9477
119.18, -46.177
119.184, -46.3435
119.188, -46.4129
119.192, -46.4288
119.196, -46.3979
119.2, -46.3437
119.204, -46.3068
119.208, -46.2197
119.212, -46.099
119.216, -45.9404
119.22, -45.7496
119.224, -45.587
119.228, -45.4019
119.232, -45.2257
119.236, -45.0756
119.24, -44.9662
119.244, -44.8637
119.248, -44.7949
119.252, -44.7456
119.256, -44.7222
119.26, -44.7207
119.264, -44.7873
119.268, -44.8872
119.272, -44.9769
119.276, -45.0593
119.28, -45.1707
119.284, -45.2688
119.288, -45.34
119.292, -45.409
119.296, -45.4418
119.3, -45.4657
119.304, -45.4658
119.308, -45.4566
119.312, -45.4209
119.316, -45.3533
119.32, -45.2771
119.324, -45.1936
119.328, -45.1132
119.332, -45.0168
119.336, -44.9161
119.34, -44.8211
119.344, -44.7308
119.348, -44.6631
119.352, -44.6055
119.356, -44.5564
119.36, -44.5238
119.364, -44.5053
119.368, -44.4895
119.372, -44.5163
119.376, -44.5529
119.38, -44.5967
119.384, -44.6628
119.388, -44.7281
119.392, -44.7583
119.396, -44.7802
119.4, -44.8134
119.404, -44.8546
119.408, -44.8674
119.412, -44.8767
119.416, -44.9694
119.42, -45.054
119.424, -45.1154
119.428, -45.1428
119.432, -45.1799
119.436, -45.1896
119.44, -45.1748
119.444, -45.1437
119.448, -45.0986
119.452, -45.0416
119.456, -44.9465
119.46, -44.8192
119.464, -44.7014
119.468, -44.601
119.472, -44.5155
119.476, -44.4333
119.48, -44.354
119.484, -44.2679
119.488, -44.2223
119.492, -44.2206
119.496, -44.2696
119.5, -44.2879
119.504, -44.3528
119.508, -44.4687
119.512, -44.6217
119.516, -44.7672
119.52, -44.8901
119.524, -44.9105
119.528, -44.9769
119.532, -45.0423
119.536, -45.1071
119.54, -45.1197
119.544, -45.1153
119.548, -45.1116
119.552, -45.0899
119.556, -45.0621
119.56, -45.0013
119.564, -44.9402
119.568, -44.8696
119.572, -44.8001
119.576, -44.7223
119.58, -44.656
119.584, -44.5903
119.588, -44.5528
119.592, -44.5209
119.596, -44.4937
119.6, -44.4705
119.604, -44.4693
119.608, -44.5019
119.612, -44.5771
119.616, -44.6661
119.62, -44.7651
119.624, -44.8714
119.628, -45.0002
119.632, -45.111
119.636, -45.2086
119.64, -45.2622
119.644, -45.3012
119.648, -45.3295
119.652, -45.3328
119.656, -45.3353
119.66, -45.2712
119.664, -45.1795
119.668, -45.0643
119.672, -44.9289
119.676, -44.7857
119.68, -44.6637
119.684, -44.5318
119.688, -44.4195
119.692, -44.3331
119.696, -44.278
119.7, -44.2496
119.704, -44.2564
119.708, -44.3301
119.712, -44.4524
119.716, -44.6444
119.72, -44.8526
119.724, -45.0038
119.728, -45.1652
119.732, -45.3168
119.736, -45.4269
119.74, -45.4237
119.744, -45.4209
119.748, -45.3907
119.752, -45.3278
119.756, -45.2463
119.76, -45.149
119.764, -45.029
119.768, -44.9174
119.772, -44.8131
119.776, -44.7149
119.78, -44.6126
119.784, -44.5255
119.788, -44.4513
119.792, -44.3973
119.796, -44.3513
119.8, -44.3121
119.804, -44.3065
119.808, -44.3018
119.812, -44.4319
119.816, -44.5779
119.82, -44.7356
119.824, -44.8673
119.828, -44.9801
119.832, -45.1136
119.836, -45.2622
119.84, -45.3357
119.844, -45.3718
119.848, -45.3674
119.852, -45.3544
119.856, -45.3247
119.86, -45.2623
119.864, -45.1626
119.868, -45.0592
119.872, -44.9617
119.876, -44.8694
119.88, -44.7629
119.884, -44.6442
119.888, -44.5338
119.892, -44.4491
119.896, -44.3861
119.9, -44.3417
119.904, -44.3225
119.908, -44.3061
119.912, -44.3318
119.916, -44.4021
119.92, -44.5047
119.924, -44.6308
119.928, -44.7568
119.932, -44.8483
119.936, -44.9319
119.94, -45.027
119.944, -45.0444
119.948, -45.0571
119.952, -45.0663
119.956, -45.0514
119.96, -45.0107
119.964, -44.9483
119.968, -44.895
119.972, -44.8218
119.976, -44.7409
119.98, -44.6626
119.984, -44.5866
119.988, -44.5126
119.992, -44.4402
119.996, -44.3785
120, -44.3352
120.004, -44.2984
120.008, -44.2762
120.012, -44.2666
120.016, -44.2859
120.02, -44.3343
120.024, -44.3866
120.028, -44.4418
120.032, -44.5163
120.036, -44.5704
120.04, -44.6784
120.044, -44.7741
120.048, -44.8436
120.052, -44.894
120.056, -44.9135
120.06, -44.9118
120.064, -44.9011
120.068, -44.8826
120.072, -44.8576
120.076, -44.8085
120.08, -44.7573
120.084, -44.7045
120.088, -44.6408
120.092, -44.568
120.096, -44.4967
120.1, -44.4359
120.104, -44.3841
120.108, -44.3493
120.112, -44.3196
120.116, -44.3035
120.12, -44.2992
120.124, -44.2955
120.128, -44.2923
120.132, -44.3045
120.136, -44.3477
120.14, -44.3963
120.144, -44.4488
120.148, -44.4869
120.152, -44.5318
120.156, -44.5644
120.16, -44.588
120.164, -44.5787
120.168, -44.5615
120.172, -44.5468
120.176, -44.5581
120.18, -44.5663
120.184, -44.5509
120.188, -44.5285
120.192, -44.5094
120.196, -44.4746
120.2, -44.4449
120.204, -44.4196
120.208, -44.3888
120.212, -44.3625
120.216, -44.3308
120.22, -44.3039
120.224, -44.2809
120.228, -44.2613
120.232, -44.2538
120.236, -44.2765
120.24, -44.3102
120.244, -44.3518
120.248, -44.3992
120.252, -44.4165
120.256, -44.429
120.26, -44.4725
120.264, -44.5041
120.268, -44.527
120.272, -44.5267
120.276, -44.5264
120.28, -44.5169
120.284, -44.4995
120.288, -44.4847
120.292, -44.4535
120.296, -44.4177
120.3, -44.3964
120.304, -44.3782
120.308, -44.3535
120.312, -44.3231
120.316, -44.288
120.32, -44.2673
120.324, -44.2589
120.328, -44.2518
120.332, -44.2365
120.336, -44.2234
120.34, -44.2216
120.344, -44.2358
120.348, -44.2806
120.352, -44.3303
120.356, -44.3664
120.36, -44.3926
120.364, -44.3944
120.368, -44.3957
120.372, -44.4139
120.376, -44.4117
120.38, -44.4099
120.384, -44.4083
120.388, -44.3977
120.392, -44.3886
120.396, -44.3916
120.4, -44.3834
120.404, -44.3672
120.408, -44.3441
120.412, -44.3244
120.416, -44.2983
120.42, -44.2761
120.424, -44.2665
120.428, -44.2684
120.432, -44.287
120.436, -44.2851
120.44, -44.2741
120.444, -44.2647
120.448, -44.2672
120.452, -44.3205
120.456, -44.3593
120.46, -44.3875
120.464, -44.4079
120.468, -44.4399
120.472, -44.4632
120.476, -44.463
120.48, -44.4536
120.484, -44.4456
120.488, -44.4387
120.492, -44.4236
120.496, -44.3921
120.5, -44.3653
120.504, -44.3518
120.508, -44.3495
120.512, -44.3631
120.516, -44.3592
120.52, -44.3558
120.524, -44.3344
120.528, -44.3161
120.532, -44.3006
120.536, -44.2873
120.54, -44.276
120.544, -44.2664
120.548, -44.2582
120.552, -44.2419
120.556, -44.2373
120.56, -44.2334
120.564, -44.2301
120.568, -44.2272
120.572, -44.2399
120.576, -44.2664
120.58, -44.3028
120.584, -44.3464
120.588, -44.3781
120.592, -44.3839
120.596, -44.3881
120.6, -44.3912
120.604, -44.3934
120.608, -44.385
120.612, -44.3779
120.616, -44.3532
120.62, -44.3321
120.624, -44.3235
120.628, -44.3161
120.632, -44.3099
120.636, -44.3172
120.64, -44.3397
120.644, -44.3392
120.648, -44.3295
120.652, -44.312
120.656, -44.2878
120.66, -44.2857
120.664, -44.3168
120.668, -44.3394
120.672, -44.3558
120.676, -44.353
120.68, -44.3657
120.684, -44.3921
120.688, -44.4457
120.692, -44.5018
120.696, -44.5082
120.7, -44.4921
120.704, -44.4598
120.708, -44.423
120.712, -44.401
120.716, -44.3822
120.72, -44.3661
120.724, -44.3432
120.728, -44.3237
120.732, -44.3272
120.736, -44.3193
120.74, -44.294
120.744, -44.2725
120.748, -44.2541
120.752, -44.2477
120.756, -44.2423
120.76, -44.2509
120.764, -44.2744
120.768, -44.3086
120.772, -44.3507
120.776, -44.3813
120.78, -44.4034
120.784, -44.4195
120.788, -44.4312
120.792, -44.4569
120.796, -44.4756
120.8, -44.4736
120.804, -44.4719
120.808, -44.4865
120.812, -44.4829
120.816, -44.4799
120.82, -44.4494
120.824, -44.4235
120.828, -44.4106
120.832, -44.3997
120.836, -44.3811
120.84, -44.3467
120.844, -44.3174
120.848, -44.2924
120.852, -44.2618
120.856, -44.2543
120.86, -44.2597
120.864, -44.2636
120.868, -44.2664
120.872, -44.2582
120.876, -44.2625
120.88, -44.3
120.884, -44.3617
120.888, -44.4065
120.892, -44.4218
120.896, -44.4329
120.9, -44.4581
120.904, -44.4937
120.908, -44.5023
120.912, -44.5086
120.916, -44.5017
120.92, -44.4866
120.924, -44.4738
120.928, -44.4628
120.932, -44.4535
120.936, -44.4362
120.94, -44.4029
120.944, -44.3746
120.948, -44.3597
120.952, -44.3563
120.956, -44.3441
120.96, -44.3245
120.964, -44.3077
120.968, -44.3329
120.972, -44.3855
120.976, -44.4238
120.98, -44.4344
120.984, -44.442
120.988, -44.4476
120.992, -44.4517
120.996, -44.4718
121, -44.4864
121.004, -44.497
121.008, -44.5048
121.012, -44.4985
121.016, -44.4839
121.02, -44.4621
121.024, -44.4436
121.028, -44.4371
121.032, -44.4316
121.036, -44.4268
121.04, -44.4228
121.044, -44.4194
121.048, -44.4164
121.052, -44.414
121.056, -44.4118
121.06, -44.4257
121.064, -44.4358
121.068, -44.4211
121.072, -44.4087
121.076, -44.3888
121.08, -44.3811
121.084, -44.3862
121.088, -44.407
121.092, -44.4222
121.096, -44.4332
121.1, -44.4282
121.104, -44.424
121.108, -44.4204
121.112, -44.4491
121.116, -44.4699
121.12, -44.4688
121.124, -44.4586
121.128, -44.6144
121.132, -44.7103
121.136, -44.7972
121.14, -44.8603
121.144, -44.8889
121.148, -44.8925
121.152, -45.1187
121.156, -45.2657
121.16, -45.5101
121.164, -45.9111
121.168, -46.1508
121.172, -46.4795
121.176, -46.6839
121.18, -46.7807
121.184, -46.8509
121.188, -46.7577
121.192, -46.7526
121.196, -46.8821
121.2, -46.8307
121.204, -46.7962
121.208, -46.6647
121.212, -46.5526
121.216, -46.4664
121.22, -46.4022
121.224, -46.2639
121.228, -46.0625
121.232, -45.9652
121.236, -45.8822
121.24, -45.7001
121.244, -45.4893
121.248, -45.4674
121.252, -45.4674
121.256, -45.4302
121.26, -45.3799
121.264, -45.3278
121.268, -45.2555
121.272, -45.4166
121.276, -45.5852
121.28, -45.6733
121.284, -45.6856
121.288, -45.6532
121.292, -45.7055
121.296, -45.6981
121.3, -45.6546
121.304, -45.5712
121.308, -45.4259
121.312, -45.2556
121.316, -45.0827
121.32, -44.9076
121.324, -44.554
121.328, -44.225
121.332, -43.9446
121.336, -43.7057
121.34, -43.3348
121.344, -43.0468
121.348, -42.857
121.352, -42.7788
121.356, -42.8274
121.36, -43.0862
121.364, -43.4977
121.368, -44.0717
121.372, -44.1274
121.376, -44.4086
121.38, -44.802
121.384, -45.2425
121.388, -45.6311
121.392, -45.9649
121.396, -46.3277
121.4, -46.6427
121.404, -46.6651
121.408, -46.6552
121.412, -46.6282
121.416, -46.5588
121.42, -46.444
121.424, -46.2904
121.428, -46.1131
121.432, -45.9157
121.436, -45.7103
121.44, -45.5353
121.444, -45.0147
121.448, -44.5805
121.452, -44.229
121.456, -43.948
121.46, -43.5413
121.464, -43.1949
121.468, -42.9925
121.472, -42.9221
121.476, -43.0346
121.48, -43.3399
121.484, -43.8367
121.488, -44.2148
121.492, -44.7644
121.496, -45.3355
121.5, -45.5267
121.504, -45.7857
121.508, -46.077
121.512, -46.2369
121.516, -46.3186
121.52, -46.3263
121.524, -46.1343
121.528, -45.9335
121.532, -45.6602
121.536, -45.381
121.54, -45.0967
121.544, -44.6408
121.548, -44.1967
121.552, -43.8089
121.556, -43.4877
121.56, -43.2325
121.564, -42.9222
121.568, -42.7227
121.572, -42.5527
121.576, -42.5471
121.58, -42.7447
121.584, -42.7386
121.588, -42.9181
121.592, -43.0829
121.596, -43.3746
121.6, -43.7584
121.604, -43.8479
121.608, -44.0503
121.612, -44.2834
121.616, -44.5041
121.62, -44.6988
121.624, -44.7198
121.628, -44.735
121.632, -44.676
121.636, -44.6163
121.64, -44.4541
121.644, -44.288
121.648, -44.0351
121.652, -43.7824
121.656, -43.5578
121.66, -43.3014
121.664, -43.0736
121.668, -42.8795
121.672, -42.6584
121.676, -42.5164
121.68, -42.3768
121.684, -42.3135
121.688, -42.3857
121.692, -42.5413
121.696, -42.8091
121.7, -43.038
121.704, -43.3418
121.708, -43.6656
121.712, -43.8663
121.716, -44.1152
121.72, -44.3648
121.724, -44.5804
121.728, -44.7369
121.732, -44.7474
121.736, -44.7237
121.74, -44.6663
121.744, -44.5988
121.748, -44.5228
121.752, -44.458
121.756, -44.245
121.76, -44.0264
121.764, -43.8307
121.768, -43.6362
121.772, -43.3775
121.776, -43.1571
121.78, -42.9786
121.784, -42.8636
121.788, -42.812
121.792, -42.8166
121.796, -42.9747
121.8, -43.0896
121.804, -43.4653
121.808, -43.7898
121.812, -44.0255
121.816, -44.2998
121.82, -44.5851
121.824, -44.8782
121.828, -45.3146
121.832, -45.6487
121.836, -45.7882
121.84, -45.8722
121.844, -46.0537
121.848, -46.0413
121.852, -45.9843
121.856, -45.8894
121.86, -45.963
121.864, -45.9455
121.868, -45.8749
121.872, -45.7961
121.876, -45.7012
121.88, -45.5925
121.884, -45.4813
121.888, -45.3865
121.892, -45.25
121.896, -45.1245
121.9, -45.0267
121.904, -45.1648
121.908, -45.2823
121.912, -45.4192
121.916, -45.7078
121.92, -46.0034
121.924, -46.2868
121.928, -46.4926
121.932, -46.728
121.936, -46.899
121.94, -47.3671
121.944, -47.6555
121.948, -47.8133
121.952, -47.8247
121.956, -47.7734
121.96, -47.6648
121.964, -47.5907
121.968, -47.4626
121.972, -47.2792
121.976, -47.0394
121.98, -46.7607
121.984, -46.4675
121.988, -46.1341
121.992, -45.8129
121.996, -45.632
122, -45.4685
122.004, -45.5029
122.008, -45.5967
122.012, -45.8883
122.016, -46.2033
122.02, -46.5524
122.024, -46.9262
122.028, -47.2665
122.032, -47.548
122.036, -47.804
122.04, -48.1619
122.044, -48.353
122.048, -48.4057
122.052, -48.3614
122.056, -48.2493
122.06, -48.2095
122.064, -48.092
122.068, -47.8989
122.072, -47.6231
122.076, -47.2952
122.08, -46.9414
122.084, -46.6864
122.088, -46.4227
122.092, -46.1979
122.096, -45.9506
122.1, -45.7399
122.104, -45.6254
122.108, -45.5277
122.112, -45.4724
122.116, -45.5914
122.12, -45.7466
122.124, -45.9109
122.128, -46.2022
122.132, -46.4653
122.136, -46.6907
122.14, -46.9232
122.144, -47.0748
122.148, -47.1676
122.152, -47.2351
122.156, -47.2243
122.16, -47.1687
122.164, -47.0377
122.168, -46.8611
122.172, -46.6363
122.176, -46.3798
122.18, -46.1055
122.184, -45.881
122.188, -45.6154
122.192, -45.352
122.196, -45.1089
122.2, -44.9575
122.204, -44.8377
122.208, -44.7449
122.212, -44.6937
122.216, -44.6778
122.22, -44.7217
122.224, -44.8224
122.228, -44.9471
122.232, -45.2269
122.236, -45.4471
122.24, -45.6414
122.244, -45.7998
122.248, -45.9319
122.252, -46.0279
122.256, -46.0804
122.26, -46.0841
122.264, -46.0297
122.268, -45.9742
122.272, -45.8804
122.276, -45.7447
122.28, -45.5642
122.284, -45.401
122.288, -45.2063
122.292, -44.9939
122.296, -44.7665
122.3, -44.5449
122.304, -44.3374
122.308, -44.1792
122.312, -44.0444
122.316, -43.9295
122.32, -43.8409
122.324, -43.7747
122.328, -43.774
122.332, -43.876
122.336, -44.0017
122.34, -44.1446
122.344, -44.3171
122.348, -44.4252
122.352, -44.5553
122.356, -44.667
122.36, -44.8168
122.364, -44.9085
122.368, -44.9406
122.372, -44.9811
122.376, -44.9599
122.38, -44.9139
122.384, -44.8469
122.388, -44.7805
122.392, -44.6867
122.396, -44.579
122.4, -44.4501
122.404, -44.2752
122.408, -44.1262
122.412, -43.9807
122.416, -43.8288
122.42, -43.6809
122.424, -43.5641
122.428, -43.4831
122.432, -43.4327
122.436, -43.4176
122.44, -43.4281
122.444, -43.4701
122.448, -43.5522
122.452, -43.6807
122.456, -43.8083
122.46, -43.9698
122.464, -44.1215
122.468, -44.2489
122.472, -44.3586
122.476, -44.4554
122.48, -44.543
122.484, -44.6065
122.488, -44.6183
122.492, -44.6268
122.496, -44.6023
122.5, -44.5536
122.504, -44.4842
122.508, -44.388
122.512, -44.2874
122.516, -44.1831
122.52, -44.0572
122.524, -43.9312
122.528, -43.824
122.532, -43.7232
122.536, -43.6467
122.54, -43.6001
122.544, -43.5696
122.548, -43.5731
122.552, -43.6272
122.556, -43.7181
122.56, -43.8357
122.564, -43.904
122.568, -44.0395
122.572, -44.2067
122.576, -44.3798
122.58, -44.5226
122.584, -44.6436
122.588, -44.6626
122.592, -44.6764
122.596, -44.6865
122.6, -44.6533
122.604, -44.6157
122.608, -44.5559
122.612, -44.4863
122.616, -44.427
122.62, -44.3579
122.624, -44.2805
122.628, -44.2052
122.632, -44.1597
122.636, -44.1209
122.64, -44.0971
122.644, -44.0861
122.648, -44.1031
122.652, -44.1499
122.656, -44.1838
122.66, -44.2773
122.664, -44.2936
122.668, -44.357
122.672, -44.4203
122.676, -44.5006
122.68, -44.5418
122.684, -44.5888
122.688, -44.623
122.692, -44.6651
122.696, -44.6956
122.7, -44.7349
122.704, -44.7132
122.708, -44.6855
122.712, -44.6618
122.716, -44.651
122.72, -44.6417
122.724, -44.606
122.728, -44.5755
122.732, -44.5403
122.736, -44.5103
122.74, -44.4754
122.744, -44.455
122.748, -44.4571
122.752, -44.4759
122.756, -44.5067
122.76, -44.5463
122.764, -44.6266
122.768, -44.7022
122.772, -44.7742
122.776, -44.8265
122.78, -44.8301
122.784, -44.8499
122.788, -44.8643
122.792, -44.892
122.796, -44.9293
122.8, -44.9391
122.804, -44.9463
122.808, -44.9306
122.812, -44.9172
122.816, -44.9057
122.82, -44.8867
122.824, -44.8519
122.828, -44.8223
122.832, -44.797
122.836, -44.7755
122.84, -44.7572
122.844, -44.7322
122.848, -44.7296
122.852, -44.7598
122.856, -44.7645
122.86, -44.7571
122.864, -44.7415
122.868, -44.7512
122.872, -44.7927
122.876, -44.8228
122.88, -44.8619
122.884, -44.8731
122.888, -44.8984
122.892, -44.934
122.896, -44.977
122.9, -45.0083
122.904, -45.0137
122.908, -45.0177
122.912, -45.01
122.916, -45.0034
122.92, -44.9885
122.924, -44.9758
122.928, -44.965
122.932, -44.9558
122.936, -44.9386
122.94, -44.924
122.944, -44.9209
122.948, -44.8903
122.952, -44.8643
122.956, -44.8328
122.96, -44.8153
122.964, -44.8096
122.968, -44.8179
122.972, -44.8239
122.976, -44.8455
122.98, -44.8611
122.984, -44.8487
122.988, -44.8474
122.992, -44.8797
122.996, -44.9204
123, -44.9671
123.004, -44.9668
123.008, -44.9666
123.012, -44.9572
123.016, -44.9398
123.02, -44.9157
123.024, -44.9045
123.028, -44.8949
123.032, -44.8775
123.036, -44.8626
123.04, -44.8499
123.044, -44.8206
123.048, -44.8048
123.052, -44.7914
123.056, -44.78
123.06, -44.7702
123.064, -44.7433
123.068, -44.7204
123.072, -44.7102
123.076, -44.7112
123.08, -44.7292
123.084, -44.7177
123.088, -44.7078
123.092, -44.7095
123.096, -44.7451
123.1, -44.7538
123.104, -44.7773
123.108, -44.7943
123.112, -44.8067
123.116, -44.8157
123.12, -44.8099
123.124, -44.818
123.128, -44.8411
123.132, -44.8579
123.136, -44.8459
123.14, -44.8171
123.144, -44.8018
123.148, -44.7888
123.152, -44.7684
123.156, -44.7418
123.16, -44.7191
123.164, -44.709
123.168, -44.6912
123.172, -44.6666
123.176, -44.6458
123.18, -44.6472
123.184, -44.6654
123.188, -44.6787
123.192, -44.6883
123.196, -44.6953
123.2, -44.7175
123.204, -44.7509
123.208, -44.7751
123.212, -44.7755
123.216, -44.7758
123.22, -44.776
123.224, -44.7668
123.228, -44.7694
123.232, -44.7714
123.236, -44.7728
123.24, -44.7738
123.244, -44.7556
123.248, -44.7309
123.252, -44.7005
123.256, -44.6746
123.26, -44.6432
123.264, -44.6165
123.268, -44.603
123.272, -44.5915
123.276, -44.5817
123.28, -44.5641
123.284, -44.5583
123.288, -44.5664
123.292, -44.6067
123.296, -44.636
123.3, -44.6745
123.304, -44.6852
123.308, -44.693
123.312, -44.6986
123.316, -44.6915
123.32, -44.6762
123.324, -44.6539
123.328, -44.6534
123.332, -44.653
123.336, -44.6434
123.34, -44.6352
123.344, -44.6096
123.348, -44.5786
123.352, -44.5521
123.356, -44.5295
123.36, -44.5103
123.364, -44.4846
123.368, -44.472
123.372, -44.452
123.376, -44.4349
123.38, -44.4204
123.384, -44.408
123.388, -44.3974
123.392, -44.3884
123.396, -44.3915
123.4, -44.4108
123.404, -44.4593
123.408, -44.4945
123.412, -44.52
123.416, -44.573
123.42, -44.6286
123.424, -44.6862
123.428, -44.7108
123.432, -44.7459
123.436, -44.7714
123.44, -44.7727
123.444, -44.7546
123.448, -44.7113
123.452, -44.6652
123.456, -44.6259
123.46, -44.5831
123.464, -44.528
123.468, -44.4718
123.472, -44.424
123.476, -44.3832
123.48, -44.3392
123.484, -44.2923
123.488, -44.2524
123.492, -44.2184
123.496, -44.2507
123.5, -44.3086
123.504, -44.3678
123.508, -44.428
123.512, -44.5061
123.516, -44.58
123.52, -44.6508
123.524, -44.7023
123.528, -44.7397
123.532, -44.7496
123.536, -44.7568
123.54, -44.7411
123.544, -44.7091
123.548, -44.6818
123.552, -44.64
123.556, -44.5858
123.56, -44.521
123.564, -44.4566
123.568, -44.3924
123.572, -44.3283
123.576, -44.2738
123.58, -44.2366
123.584, -44.2049
123.588, -44.1779
123.592, -44.1642
123.596, -44.1525
123.6, -44.1518
123.604, -44.1851
123.608, -44.2265
123.612, -44.2909
123.616, -44.3549
123.62, -44.4186
123.624, -44.4649
123.628, -44.5156
123.632, -44.5525
123.636, -44.5621
123.64, -44.5565
123.644, -44.5425
123.648, -44.5306
123.652, -44.5204
123.656, -44.4932
123.66, -44.4514
123.664, -44.4065
123.668, -44.3776
123.672, -44.3436
123.676, -44.3054
123.68, -44.2728
123.684, -44.2451
123.688, -44.2214
123.692, -44.2106
123.696, -44.2106
123.7, -44.2013
123.704, -44.2039
123.708, -44.223
123.712, -44.254
123.716, -44.311
123.72, -44.3867
123.724, -44.4417
123.728, -44.4817
123.732, -44.5107
123.736, -44.5145
123.74, -44.5345
123.744, -44.5834
123.748, -44.6189
123.752, -44.6143
123.756, -44.6103
123.76, -44.607
123.764, -44.5948
123.768, -44.5752
123.772, -44.5492
123.776, -44.5177
123.78, -44.4816
123.784, -44.4323
123.788, -44.3717
123.792, -44.3108
123.796, -44.2682
123.8, -44.2411
123.804, -44.2366
123.808, -44.2328
123.812, -44.2296
123.816, -44.2268
123.82, -44.2396
123.824, -44.2489
123.828, -44.3245
123.832, -44.3966
123.836, -44.4489
123.84, -44.4697
123.844, -44.4686
123.848, -44.5012
123.852, -44.5421
123.856, -44.5718
123.86, -44.6105
123.864, -44.6072
123.868, -44.6043
123.872, -44.5926
123.876, -44.5733
123.88, -44.5475
123.884, -44.5071
123.888, -44.4726
123.892, -44.4339
123.896, -44.3916
123.9, -44.3464
123.904, -44.2985
123.908, -44.2577
123.912, -44.2322
123.916, -44.2198
123.92, -44.2185
123.924, -44.2508
123.928, -44.2743
123.932, -44.3086
123.936, -44.3506
123.94, -44.4156
123.944, -44.4627
123.948, -44.497
123.952, -44.539
123.956, -44.5696
123.96, -44.5918
123.964, -44.6079
123.968, -44.6196
123.972, -44.6149
123.976, -44.6016
123.98, -44.581
123.984, -44.5541
123.988, -44.5406
123.992, -44.5104
123.996, -44.4754
124, -44.4457
124.004, -44.411
124.008, -44.3815
124.012, -44.3563
124.016, -44.3348
124.02, -44.3258
124.024, -44.3182
124.028, -44.3116
124.032, -44.3185
124.036, -44.3407
124.04, -44.3568
124.044, -44.3857
124.048, -44.4411
124.052, -44.5158
124.056, -44.5528
124.06, -44.5624
124.064, -44.5695
124.068, -44.5918
124.072, -44.608
124.076, -44.605
124.08, -44.5932
124.084, -44.5739
124.088, -44.5667
124.092, -44.5606
124.096, -44.5368
124.1, -44.5073
124.104, -44.4728
124.108, -44.4527
124.112, -44.4449
124.116, -44.4289
124.12, -44.406
124.124, -44.3865
124.128, -44.3792
124.132, -44.3848
124.136, -44.3889
124.14, -44.3919
124.144, -44.4284
124.148, -44.4722
124.152, -44.5211
124.156, -44.5739
124.16, -44.595
124.164, -44.594
124.168, -44.7644
124.172, -44.9054
124.176, -45.0249
124.18, -45.1117
124.184, -45.1403
124.188, -45.6082
124.192, -45.9137
124.196, -46.1011
124.2, -46.3919
124.204, -46.5688
124.208, -46.6455
124.212, -46.6199
124.216, -46.5238
124.22, -46.3583
124.224, -46.4239
124.228, -46.366
124.232, -46.3445
124.236, -46.2519
124.24, -46.2606
124.244, -46.2083
124.248, -46.0987
124.252, -46.0704
124.256, -45.9905
124.26, -45.8574
124.264, -45.8275
124.268, -45.7371
124.272, -45.7344
124.276, -45.732
124.28, -45.6371
124.284, -45.5563
124.288, -45.4038
124.292, -45.2275
124.296, -45.0308
124.3, -44.919
124.304, -44.7214
124.308, -44.516
124.312, -44.3688
124.316, -44.2433
124.32, -44.1271
124.324, -44.1024
124.328, -44.0999
124.332, -44.1476
124.336, -44.2339
124.34, -44.3481
124.344, -44.4998
124.348, -44.6788
124.352, -44.8432
124.356, -44.9798
124.36, -45.0961
124.364, -45.1806
124.368, -45.028
124.372, -44.8981
124.376, -44.7688
124.38, -44.6307
124.384, -44.3738
124.388, -44.1364
124.392, -43.9527
124.396, -43.8054
124.4, -43.6984
124.404, -43.4959
124.408, -43.3697
124.412, -43.3272
124.416, -43.4147
124.42, -43.6158
124.424, -43.8995
124.428, -43.8435
124.432, -43.8928
124.436, -44.049
124.44, -44.1968
124.444, -44.4073
124.448, -44.3784
124.452, -44.4016
124.456, -44.4873
124.46, -44.428
124.464, -44.396
124.468, -44.3781
124.472, -44.3721
124.476, -44.3969
124.48, -44.4322
124.484, -44.5094
124.488, -44.4376
124.492, -44.3949
124.496, -44.3864
124.5, -44.3327
124.504, -44.2963
124.508, -44.1631
124.512, -44.0682
124.516, -44.0152
124.52, -43.9978
124.524, -44.022
124.528, -44.0911
124.532, -44.2273
124.536, -44.4293
124.54, -44.3786
124.544, -44.3539
124.548, -44.4009
124.552, -44.2986
124.556, -44.2207
124.56, -44.015
124.564, -43.8491
124.568, -43.7355
124.572, -43.6573
124.576, -43.5906
124.58, -43.5616
124.584, -43.4627
124.588, -43.3783
124.592, -43.3621
124.596, -43.4226
124.6, -43.5526
124.604, -43.7501
124.608, -43.756
124.612, -43.8634
124.616, -44.0446
124.62, -44.1762
124.624, -44.2373
124.628, -44.3333
124.632, -44.3514
124.636, -44.3817
124.64, -44.4381
124.644, -44.4138
124.648, -44.393
124.652, -44.3289
124.656, -44.2836
124.66, -44.2449
124.664, -44.2027
124.668, -44.1203
124.672, -44.0594
124.676, -44.0261
124.68, -43.9698
124.684, -43.9219
124.688, -43.9181
124.692, -43.9467
124.696, -43.9674
124.7, -43.9569
124.704, -43.9748
124.708, -44.0394
124.712, -44.0863
124.716, -44.1548
124.72, -44.2389
124.724, -44.3344
124.728, -44.4209
124.732, -44.3898
124.736, -44.3727
124.74, -44.358
124.744, -44.3363
124.748, -44.2435
124.752, -44.1551
124.756, -44.0798
124.76, -44.0249
124.764, -43.9874
124.768, -43.9741
124.772, -43.8976
124.776, -43.8511
124.78, -43.8486
124.784, -43.9478
124.788, -43.9683
124.792, -44.052
124.796, -44.1816
124.8, -44.3272
124.804, -44.5534
124.808, -44.7865
124.812, -44.9041
124.816, -45.024
124.82, -45.1454
124.824, -45.2679
124.828, -45.4945
124.832, -45.5731
124.836, -45.613
124.84, -45.6247
124.844, -45.6504
124.848, -45.6691
124.852, -45.6999
124.856, -45.7222
124.86, -45.7217
124.864, -45.6934
124.868, -45.6322
124.872, -45.58
124.876, -45.5727
124.88, -45.6815
124.884, -45.7434
124.888, -45.7539
124.892, -45.7208
124.896, -45.6927
124.9, -45.6594
124.904, -45.6929
124.908, -45.6875
124.912, -45.6272
124.916, -45.5665
124.92, -45.5333
124.924, -45.4958
124.928, -45.4638
124.932, -45.4365
124.936, -45.4133
124.94, -45.3656
124.944, -45.3343
124.948, -45.4569
124.952, -45.5459
124.956, -45.6449
124.96, -45.7512
124.964, -45.9144
124.968, -46.0329
124.972, -46.1533
124.976, -46.2236
124.98, -46.2574
124.984, -46.2521
124.988, -46.4673
124.992, -46.5719
124.996, -46.5963
125, -46.578
125.004, -46.6695
125.008, -46.736
125.012, -46.7156
125.016, -46.6982
125.02, -46.6184
125.024, -46.5133
125.028, -46.3958
125.032, -46.4168
125.036, -46.3879
125.04, -46.3632
125.044, -46.3143
125.048, -46.2541
125.052, -46.1935
125.056, -46.1418
125.06, -46.0607
125.064, -46.0379
125.068, -45.9907
125.072, -45.9226
125.076, -45.8645
125.08, -45.8058
125.084, -45.7557
125.088, -45.8143
125.092, -45.8224
125.096, -45.8283
125.1, -45.8325
125.104, -45.956
125.108, -46.0285
125.112, -46.0467
125.116, -46.0352
125.12, -46.1032
125.124, -46.1353
125.128, -46.1292
125.132, -46.0963
125.136, -46.0403
125.14, -45.9555
125.144, -45.9592
125.148, -45.9328
125.152, -45.901
125.156, -45.846
125.16, -45.762
125.164, -45.6997
125.168, -45.6467
125.172, -45.5921
125.176, -45.5178
125.18, -45.4266
125.184, -45.3954
125.188, -45.3687
125.192, -45.3367
125.196, -45.2816
125.2, -45.281
125.204, -45.2805
125.208, -45.2801
125.212, -45.2966
125.216, -45.3086
125.22, -45.3518
125.224, -45.3501
125.228, -45.3393
125.232, -45.3302
125.236, -45.3132
125.24, -45.2893
125.244, -45.2783
125.248, -45.2503
125.252, -45.1986
125.256, -45.136
125.26, -45.0733
125.264, -45.0571
125.268, -45.0247
125.272, -45.0251
125.276, -45.0067
125.28, -44.9725
125.284, -44.934
125.288, -44.8919
125.292, -44.8468
125.296, -44.799
125.3, -44.7491
125.304, -44.6879
125.308, -44.6358
125.312, -44.6007
125.316, -44.5615
125.32, -44.5559
125.324, -44.5511
125.328, -44.5608
125.332, -44.6367
125.336, -44.6746
125.34, -44.6709
125.344, -44.6822
125.348, -44.7076
125.352, -44.7433
125.356, -44.752
125.36, -44.7368
125.364, -44.7146
125.368, -44.6771
125.372, -44.6359
125.376, -44.6008
125.38, -44.5522
125.384, -44.4923
125.388, -44.432
125.392, -44.3899
125.396, -44.3726
125.4, -44.3578
125.404, -44.336
125.408, -44.3173
125.412, -44.3107
125.416, -44.3175
125.42, -44.3109
125.424, -44.3177
125.428, -44.357
125.432, -44.3855
125.436, -44.3891
125.44, -44.3812
125.444, -44.4031
125.448, -44.4191
125.452, -44.4478
125.456, -44.4688
125.46, -44.4677
125.464, -44.4575
125.468, -44.4395
125.472, -44.4148
125.476, -44.3939
125.48, -44.3853
125.484, -44.3687
125.488, -44.3546
125.492, -44.3425
125.496, -44.3323
125.5, -44.3333
125.504, -44.334
125.508, -44.3518
125.512, -44.3819
125.516, -44.4037
125.52, -44.4368
125.524, -44.478
125.528, -44.5079
125.532, -44.5124
125.536, -44.5501
125.54, -44.4906
125.544, -44.4492
125.548, -44.4232
125.552, -44.4011
125.556, -44.373
125.56, -44.349
125.564, -44.3379
125.568, -44.3191
125.572, -44.3124
125.576, -44.3361
125.58, -44.3534
125.584, -44.3831
125.588, -44.4219
125.592, -44.4845
125.596, -44.5643
125.6, -44.6395
125.604, -44.6941
125.608, -44.7337
125.612, -44.7625
125.616, -44.8006
125.62, -44.8455
125.624, -44.8609
125.628, -44.8577
125.632, -44.7992
125.636, -44.7308
125.64, -44.7004
125.644, -44.6652
125.648, -44.6073
125.652, -44.5673
125.656, -44.524
125.66, -44.4684
125.664, -44.4304
125.668, -44.4166
125.672, -44.4049
125.676, -44.4041
125.68, -44.3849
125.684, -44.3685
125.688, -44.3771
125.692, -44.4177
125.696, -44.4472
125.7, -44.503
125.704, -44.5779
125.708, -44.598
125.712, -44.6297
125.716, -44.6872
125.72, -44.7461
125.724, -44.7414
125.728, -44.7511
125.732, -44.7581
125.736, -44.7633
125.74, -44.767
125.744, -44.7697
125.748, -44.7336
125.752, -44.7121
125.756, -44.7032
125.76, -44.6862
125.764, -44.6717
125.768, -44.6502
125.772, -44.6505
125.776, -44.6851
125.78, -44.7446
125.784, -44.7309
125.788, -44.7191
125.792, -44.7091
125.796, -44.7105
125.8, -44.7115
125.804, -44.6933
125.808, -44.6871
125.812, -44.6945
125.816, -44.7171
125.82, -44.7507
125.824, -44.7579
125.828, -44.7976
125.832, -44.8436
125.836, -44.877
125.84, -44.884
125.844, -44.8775
125.848, -44.8719
125.852, -44.8803
125.856, -44.8864
125.86, -44.9081
125.864, -44.9073
125.868, -44.9066
125.872, -44.8967
125.876, -44.879
125.88, -44.864
125.884, -44.8604
125.888, -44.8574
125.892, -44.8548
125.896, -44.8526
125.9, -44.8664
125.904, -44.8624
125.908, -44.8735
125.912, -44.8815
125.916, -44.866
125.92, -44.8529
125.924, -44.8231
125.928, -44.807
125.932, -44.7933
125.936, -44.7909
125.94, -44.7889
125.944, -44.8028
125.948, -44.799
125.952, -44.7958
125.956, -44.8079
125.96, -44.8338
125.964, -44.887
125.968, -44.9085
125.972, -44.9241
125.976, -44.9354
125.98, -44.9436
125.984, -44.9375
125.988, -44.9324
125.992, -44.928
125.996, -44.8964
126, -44.8694
126.004, -44.8372
126.008, -44.819
126.012, -44.8128
126.016, -44.7982
126.02, -44.7765
126.024, -44.7672
126.028, -44.7594
126.032, -44.7434
126.036, -44.7391
126.04, -44.7354
126.044, -44.7468
126.048, -44.755
126.052, -44.761
126.056, -44.7653
126.06, -44.8029
126.064, -44.8474
126.068, -44.8797
126.072, -44.8859
126.076, -44.8904
126.08, -44.8937
126.084, -44.8961
126.088, -44.8978
126.092, -44.8892
126.096, -44.8818
126.1, -44.8663
126.104, -44.8438
126.108, -44.8246
126.112, -44.8082
126.116, -44.7943
126.12, -44.7731
126.124, -44.7458
126.128, -44.7225
126.132, -44.7026
126.136, -44.6764
126.14, -44.6541
126.144, -44.6444
126.148, -44.636
126.152, -44.629
126.156, -44.6136
126.16, -44.6099
126.164, -44.6211
126.168, -44.6465
126.172, -44.6649
126.176, -44.6783
126.18, -44.688
126.184, -44.695
126.188, -44.6885
126.192, -44.6736
126.196, -44.6703
126.2, -44.6821
126.204, -44.6908
126.208, -44.6756
126.212, -44.6534
126.216, -44.6344
126.22, -44.6183
126.224, -44.5952
126.228, -44.5663
126.232, -44.5509
126.236, -44.5378
126.24, -44.5267
126.244, -44.5171
126.248, -44.5193
126.252, -44.5553
126.256, -44.5815
126.26, -44.6004
126.264, -44.5986
126.268, -44.5877
126.272, -44.5877
126.276, -44.5878
126.28, -44.605
126.284, -44.6175
126.288, -44.6131
126.292, -44.6093
126.296, -44.6206
126.3, -44.6288
126.304, -44.6135
126.308, -44.5818
126.312, -44.5456
126.316, -44.5146
126.32, -44.4697
126.324, -44.4222
126.328, -44.3817
126.332, -44.3378
126.336, -44.2912
126.34, -44.2607
126.344, -44.2534
126.348, -44.2589
126.352, -44.2802
126.356, -44.2956
126.36, -44.3068
126.364, -44.3493
126.368, -44.3974
126.372, -44.4323
126.376, -44.4404
126.38, -44.4463
126.384, -44.4506
126.388, -44.4537
126.392, -44.456
126.396, -44.4576
126.4, -44.449
126.404, -44.4416
126.408, -44.4261
126.412, -44.4035
126.416, -44.375
126.42, -44.36
126.424, -44.3472
126.428, -44.327
126.432, -44.3098
126.436, -44.2952
126.44, -44.292
126.444, -44.2892
126.448, -44.2776
126.452, -44.2677
126.456, -44.2693
126.46, -44.2705
126.464, -44.2713
126.468, -44.2719
126.472, -44.2723
126.476, -44.2727
126.48, -44.2901
126.484, -44.3028
126.488, -44.3119
126.492, -44.3358
126.496, -44.336
126.5, -44.3267
126.504, -44.3293
126.508, -44.3484
126.512, -44.3623
126.516, -44.3585
126.52, -44.3459
126.524, -44.3352
126.528, -44.3355
126.532, -44.3263
126.536, -44.3092
126.54, -44.2854
126.544, -44.2743
126.548, -44.2649
126.552, -44.2476
126.556, -44.2236
126.56, -44.1938
126.564, -44.1778
126.568, -44.1734
126.572, -44.1836
126.576, -44.2082
126.58, -44.2089
126.584, -44.2094
126.588, -44.2442
126.592, -44.2866
126.596, -44.3175
126.6, -44.3226
126.604, -44.3264
126.608, -44.3186
126.612, -44.3234
126.616, -44.327
126.62, -44.3296
126.624, -44.3314
126.628, -44.3328
126.632, -44.324
126.636, -44.3073
126.64, -44.293
126.644, -44.2901
126.648, -44.2877
126.652, -44.2856
126.656, -44.2746
126.66, -44.2651
126.664, -44.2571
126.668, -44.241
126.672, -44.2272
126.676, -44.2248
126.68, -44.2228
126.684, -44.221
126.688, -44.2354
126.692, -44.2631
126.696, -44.2832
126.7, -44.2978
126.704, -44.3256
126.708, -44.3458
126.712, -44.3604
126.716, -44.3711
126.72, -44.3788
126.724, -44.3725
126.728, -44.3799
126.732, -44.3852
126.736, -44.3891
126.74, -44.3813
126.744, -44.3747
126.748, -44.3597
126.752, -44.347
126.756, -44.3362
126.76, -44.327
126.764, -44.3098
126.768, -44.3045
126.772, -44.2999
126.776, -44.2961
126.78, -44.2927
126.784, -44.2807
126.788, -44.2704
126.792, -44.2713
126.796, -44.2892
126.8, -44.3022
126.804, -44.3116
126.808, -44.3184
126.812, -44.3406
126.816, -44.3567
126.82, -44.3684
126.824, -44.3769
126.828, -44.4003
126.832, -44.4172
126.836, -44.4296
126.84, -44.4385
126.844, -44.4328
126.848, -44.4186
126.852, -44.4065
126.856, -44.4054
126.86, -44.4045
126.864, -44.3945
126.868, -44.3766
126.872, -44.3614
126.876, -44.3485
126.88, -44.3375
126.884, -44.3281
126.888, -44.3305
126.892, -44.3494
126.896, -44.3631
126.9, -44.3731
126.904, -44.3803
126.908, -44.3739
126.912, -44.3684
126.916, -44.3769
126.92, -44.3831
126.924, -44.3876
126.928, -44.3909
126.932, -44.3932
126.936, -44.395
126.94, -44.3962
126.944, -44.3874
126.948, -44.3799
126.952, -44.3853
126.956, -44.3892
126.96, -44.3815
126.964, -44.3749
126.968, -44.3816
126.972, -44.3865
126.976, -44.3792
126.98, -44.3848
126.984, -44.3888
126.988, -44.409
126.992, -44.4076
126.996, -44.4064
127, -44.4217
127.004, -44.4184
127.008, -44.4064
127.012, -44.3961
127.016, -44.397
127.02, -44.3977
127.024, -44.3982
127.028, -44.3891
127.032, -44.3814
127.036, -44.3748
127.04, -44.3988
127.044, -44.4162
127.048, -44.4045
127.052, -44.3852
127.056, -44.3688
127.06, -44.3548
127.064, -44.3521
127.068, -44.3499
127.072, -44.3386
127.076, -44.3384
127.08, -44.3551
127.084, -44.3673
127.088, -44.3934
127.092, -44.4123
127.096, -44.426
127.1, -44.436
127.104, -44.4432
127.108, -44.4368
127.112, -44.4313
127.116, -44.4266
127.12, -44.4364
127.124, -44.4435
127.128, -44.4371
127.132, -44.4222
127.136, -44.4096
127.14, -44.3989
127.144, -44.3897
127.148, -44.3819
127.152, -44.3752
127.156, -44.3603
127.16, -44.3475
127.164, -44.3366
127.168, -44.3367
127.172, -44.3274
127.176, -44.3195
127.18, -44.3243
127.184, -44.3621
127.188, -44.4068
127.192, -44.4058
127.196, -44.4049
127.2, -44.3948
127.204, -44.3863
127.208, -44.3899
127.212, -44.3926
127.216, -44.6525
127.22, -45.168
127.224, -45.5596
127.228, -45.844
127.232, -46.2396
127.236, -46.5957
127.24, -46.8199
127.244, -46.9139
127.248, -47.1541
127.252, -47.1909
127.256, -47.1218
127.26, -47.0721
127.264, -46.9276
127.268, -46.6931
127.272, -46.614
127.276, -46.4352
127.28, -46.2828
127.284, -46.0786
127.288, -46.0161
127.292, -45.8885
127.296, -45.7148
127.3, -45.5946
127.304, -45.4458
127.308, -45.3653
127.312, -45.2597
127.316, -45.1789
127.32, -45.0822
127.324, -44.972
127.328, -44.878
127.332, -44.7794
127.336, -44.6861
127.34, -44.588
127.344, -44.4858
127.348, -44.3895
127.352, -44.3631
127.356, -44.3314
127.36, -44.3136
127.364, -44.2985
127.368, -44.5498
127.372, -44.7839
127.376, -45.0227
127.38, -45.2133
127.384, -45.3689
127.388, -45.5162
127.392, -45.6232
127.396, -45.4887
127.4, -45.3464
127.404, -45.1786
127.408, -44.9149
127.412, -44.5789
127.416, -44.2555
127.42, -43.8684
127.424, -43.52
127.428, -43.0839
127.432, -42.7587
127.436, -42.5372
127.44, -42.3764
127.444, -42.3321
127.448, -42.4513
127.452, -42.5379
127.456, -43.1167
127.46, -43.3823
127.464, -43.8503
127.468, -44.4137
127.472, -44.7713
127.476, -45.1513
127.48, -45.5476
127.484, -45.6634
127.488, -45.6345
127.492, -45.6098
127.496, -45.5702
127.5, -45.4993
127.504, -45.3925
127.508, -45.2643
127.512, -45.1087
127.516, -44.9482
127.52, -44.8021
127.524, -44.6684
127.528, -44.5637
127.532, -44.4745
127.536, -44.3706
127.54, -44.3007
127.544, -44.1018
127.548, -43.7653
127.552, -43.5063
127.556, -43.3135
127.56, -43.0563
127.564, -42.9021
127.568, -42.8265
127.572, -42.6319
127.576, -42.5405
127.58, -42.4811
127.584, -42.4212
127.588, -42.533
127.592, -42.8034
127.596, -43.1717
127.6, -43.6112
127.604, -44.1023
127.608, -44.4589
127.612, -44.8554
127.616, -45.109
127.62, -45.2243
127.624, -45.3423
127.628, -45.3143
127.632, -45.2533
127.636, -45.1641
127.64, -45.051
127.644, -44.9174
127.648, -44.7665
127.652, -44.61
127.656, -44.4489
127.66, -44.2837
127.664, -44.1336
127.668, -43.8664
127.672, -43.5924
127.676, -43.3774
127.68, -43.2127
127.684, -43.1003
127.688, -42.9394
127.692, -42.8581
127.696, -42.798
127.7, -42.7468
127.704, -42.731
127.708, -42.699
127.712, -42.8033
127.716, -42.9994
127.72, -43.2622
127.724, -43.5907
127.728, -43.8292
127.732, -44.14
127.736, -44.4173
127.74, -44.7046
127.744, -44.8789
127.748, -45.0398
127.752, -45.1567
127.756, -45.156
127.76, -45.1369
127.764, -45.1021
127.768, -45.0167
127.772, -44.9161
127.776, -44.8118
127.78, -44.6859
127.784, -44.5506
127.788, -44.4261
127.792, -44.3108
127.796, -44.2125
127.8, -44.1287
127.804, -44.0666
127.808, -44.0229
127.812, -44.0228
127.816, -44.0228
127.82, -44.0915
127.824, -44.2102
127.828, -44.348
127.832, -44.7061
127.836, -45.0349
127.84, -45.3253
127.844, -45.5878
127.848, -45.8127
127.852, -46.0449
127.856, -46.2135
127.86, -46.3188
127.864, -46.3436
127.868, -46.3069
127.872, -46.2107
127.876, -46.0823
127.88, -45.9171
127.884, -45.7207
127.888, -45.5534
127.892, -45.3736
127.896, -45.2018
127.9, -45.0369
127.904, -44.8871
127.908, -44.778
127.912, -44.7035
127.916, -44.7236
127.92, -44.807
127.924, -44.9536
127.928, -45.3696
127.932, -45.7405
127.936, -46.0786
127.94, -46.393
127.944, -46.776
127.948, -47.0713
127.952, -47.2342
127.956, -47.2837
127.96, -47.2566
127.964, -47.2827
127.968, -47.3188
127.972, -47.2773
127.976, -47.1583
127.98, -46.9826
127.984, -46.833
127.988, -46.6683
127.992, -46.5094
127.996, -46.3275
128, -46.1261
128.004, -45.9267
128.008, -45.7288
128.012, -45.5881
128.016, -45.4496
128.02, -45.378
128.024, -45.3262
128.028, -45.3007
128.032, -45.3292
128.036, -45.4015
128.04, -45.4884
128.044, -45.6031
128.048, -45.7208
128.052, -45.8406
128.056, -46.134
128.06, -46.4331
128.064, -46.805
128.068, -47.161
128.072, -47.4023
128.076, -47.5776
128.08, -47.636
128.084, -47.7128
128.088, -47.6779
128.092, -47.6202
128.096, -47.469
128.1, -47.2473
128.104, -46.9655
128.108, -46.6325
128.112, -46.3487
128.116, -46.0233
128.12, -45.6811
128.124, -45.3337
128.128, -45.0284
128.132, -44.7589
128.136, -44.5293
128.14, -44.3986
128.144, -44.3243
128.148, -44.3075
128.152, -44.3498
128.156, -44.4665
128.16, -44.6544
128.164, -44.894
128.168, -45.1712
128.172, -45.5101
128.176, -45.8765
128.18, -46.1426
128.184, -46.3358
128.188, -46.4761
128.192, -46.5435
128.196, -46.5328
128.2, -46.4959
128.204, -46.39
128.208, -46.2256
128.212, -46.0205
128.216, -45.7714
128.22, -45.5498
128.224, -45.3146
128.228, -45.0677
128.232, -44.8109
128.236, -44.62
128.24, -44.4386
128.244, -44.2841
128.248, -44.1896
128.252, -44.1276
128.256, -44.1329
128.26, -44.1712
128.264, -44.2506
128.268, -44.3599
128.272, -44.508
128.276, -44.6671
128.28, -44.7999
128.284, -44.8963
128.288, -45.0179
128.292, -45.1062
128.296, -45.1531
128.3, -45.1343
128.304, -45.0997
128.308, -45.0424
128.312, -44.9657
128.316, -44.8633
128.32, -44.7295
128.324, -44.5691
128.328, -44.3953
128.332, -44.2193
128.336, -44.0508
128.34, -43.8886
128.344, -43.7411
128.348, -43.634
128.352, -43.552
128.356, -43.4729
128.36, -43.424
128.364, -43.4195
128.368, -43.4639
128.372, -43.565
128.376, -43.7072
128.38, -43.8621
128.384, -44.0261
128.388, -44.1625
128.392, -44.2959
128.396, -44.4099
128.4, -44.4756
128.404, -44.5232
128.408, -44.5234
128.412, -44.5142
128.416, -44.4878
128.42, -44.456
128.424, -44.4104
128.428, -44.3436
128.432, -44.2589
128.436, -44.1588
128.44, -44.055
128.444, -43.9387
128.448, -43.8396
128.452, -43.7644
128.456, -43.7003
128.46, -43.6457
128.464, -43.6085
128.468, -43.5954
128.472, -43.6434
128.476, -43.7298
128.48, -43.827
128.484, -43.8804
128.488, -43.9708
128.492, -44.0708
128.496, -44.1779
128.5, -44.2384
128.504, -44.2995
128.508, -44.344
128.512, -44.359
128.516, -44.37
128.52, -44.365
128.524, -44.3422
128.528, -44.3134
128.532, -44.2797
128.536, -44.2417
128.54, -44.2
128.544, -44.1644
128.548, -44.1248
128.552, -44.0726
128.556, -44.028
128.56, -43.9901
128.564, -43.9763
128.568, -43.989
128.572, -44.0325
128.576, -44.0814
128.58, -44.1513
128.584, -44.2192
128.588, -44.2514
128.592, -44.2919
128.596, -44.3557
128.6, -44.4193
128.604, -44.4827
128.608, -44.5115
128.612, -44.5152
128.616, -44.5074
128.62, -44.5008
128.624, -44.4951
128.628, -44.4903
128.632, -44.4861
128.636, -44.4733
128.64, -44.4253
128.644, -44.3937
128.648, -44.376
128.652, -44.3516
128.656, -44.3216
128.66, -44.3053
128.664, -44.3007
128.668, -44.2875
128.672, -44.2855
128.676, -44.3168
128.68, -44.3911
128.684, -44.4279
128.688, -44.4718
128.692, -44.5209
128.696, -44.5737
128.7, -44.6293
128.704, -44.6869
128.708, -44.7287
128.712, -44.7762
128.716, -44.7936
128.72, -44.8062
128.724, -44.8018
128.728, -44.7888
128.732, -44.7778
128.736, -44.7683
128.74, -44.7417
128.744, -44.7098
128.748, -44.6826
128.752, -44.6687
128.756, -44.6568
128.76, -44.6374
128.764, -44.6209
128.768, -44.6161
128.772, -44.612
128.776, -44.5992
128.78, -44.6135
128.784, -44.6238
128.788, -44.6485
128.792, -44.6665
128.796, -44.6967
128.8, -44.7359
128.804, -44.7987
128.808, -44.8443
128.812, -44.8603
128.816, -44.889
128.82, -44.9099
128.824, -44.9251
128.828, -44.9125
128.832, -44.911
128.836, -44.9097
128.84, -44.8994
128.844, -44.8906
128.848, -44.8645
128.852, -44.833
128.856, -44.8154
128.86, -44.8005
128.864, -44.8112
128.868, -44.8362
128.872, -44.8275
128.876, -44.8015
128.88, -44.7886
128.884, -44.7776
128.888, -44.7775
128.892, -44.7774
128.896, -44.7945
128.9, -44.8241
128.904, -44.8456
128.908, -44.8784
128.912, -44.9022
128.916, -44.9195
128.92, -44.9493
128.924, -44.9709
128.928, -44.9608
128.932, -44.9429
128.936, -44.9369
128.94, -44.9225
128.944, -44.901
128.948, -44.8827
128.952, -44.867
128.956, -44.863
128.96, -44.8596
128.964, -44.8473
128.968, -44.8276
128.972, -44.8108
128.976, -44.7965
128.98, -44.7751
128.984, -44.7567
128.988, -44.7504
128.992, -44.745
128.996, -44.7404
129, -44.7504
129.004, -44.7748
129.008, -44.7926
129.012, -44.8055
129.016, -44.8012
129.02, -44.8289
129.024, -44.849
129.028, -44.8637
129.032, -44.8743
129.036, -44.882
129.04, -44.8876
129.044, -44.8805
129.048, -44.8651
129.052, -44.8521
129.056, -44.8316
129.06, -44.8142
129.064, -44.7901
129.068, -44.7603
129.072, -44.7441
129.076, -44.7304
129.08, -44.7093
129.084, -44.6822
129.088, -44.659
129.092, -44.6392
129.096, -44.6425
129.1, -44.6344
129.104, -44.609
129.108, -44.5967
129.112, -44.5954
129.116, -44.6106
129.12, -44.6217
129.124, -44.6297
129.128, -44.6699
129.132, -44.6991
129.136, -44.7031
129.14, -44.706
129.144, -44.6979
129.148, -44.6909
129.152, -44.685
129.156, -44.6707
129.16, -44.6677
129.164, -44.6652
129.168, -44.6538
129.172, -44.6255
129.176, -44.6014
129.18, -44.5902
129.184, -44.5898
129.188, -44.5896
129.192, -44.58
129.196, -44.7026
129.2, -44.7916
129.204, -44.8391
129.208, -45.1143
129.212, -45.3142
129.216, -45.4765
129.22, -45.8351
129.224, -46.0612
129.228, -46.1909
129.232, -46.4227
129.236, -46.7114
129.24, -46.8522
129.244, -47.1265
129.248, -47.188
129.252, -47.1378
129.256, -47.1136
129.26, -46.9908
129.264, -46.7841
129.268, -46.6822
129.272, -46.4839
129.276, -46.3242
129.28, -46.0953
129.284, -45.8074
129.288, -45.655
129.292, -45.4507
129.296, -45.4067
129.3, -45.3227
129.304, -45.214
129.308, -45.1864
129.312, -45.1535
129.316, -45.0977
129.32, -45.0037
129.324, -44.905
129.328, -44.8673
129.332, -44.8073
129.336, -44.6913
129.34, -44.5459
129.344, -44.3942
129.348, -44.1257
129.352, -43.8877
129.356, -43.6662
129.36, -43.4033
129.364, -43.1699
129.368, -42.8781
129.372, -42.6482
129.376, -42.4893
129.38, -42.3353
129.384, -42.1948
129.388, -42.1679
129.392, -42.2631
129.396, -42.4869
129.4, -42.8043
129.404, -43.2068
129.408, -43.4131
129.412, -43.5973
129.416, -43.903
129.42, -44.2283
129.424, -44.3784
129.428, -44.5218
129.432, -44.513
129.436, -44.5335
129.44, -44.5484
129.444, -44.5449
129.448, -44.5326
129.452, -44.4294
129.456, -44.3228
129.46, -44.2135
129.464, -44.0367
129.468, -43.8954
129.472, -43.775
129.476, -43.6074
129.48, -43.4738
129.484, -43.3971
129.488, -43.2389
129.492, -43.1412
129.496, -42.993
129.5, -42.9224
129.504, -42.9179
129.508, -42.9969
129.512, -42.9814
129.516, -43.0774
129.52, -43.1643
129.524, -43.365
129.528, -43.4247
129.532, -43.5713
129.536, -43.6261
129.54, -43.769
129.544, -43.7697
129.548, -43.8217
129.552, -43.8767
129.556, -43.8611
129.56, -43.8881
129.564, -43.9593
129.568, -43.9222
129.572, -43.8906
129.576, -43.8451
129.58, -43.8063
129.584, -43.7268
129.588, -43.6776
129.592, -43.6543
129.596, -43.6065
129.6, -43.5844
129.604, -43.5842
129.608, -43.5375
129.612, -43.5163
129.616, -43.4704
129.62, -43.4685
129.624, -43.517
129.628, -43.6038
129.632, -43.4521
129.636, -43.3229
129.64, -43.287
129.644, -43.2843
129.648, -43.2972
129.652, -43.2001
129.656, -43.1452
129.66, -43.1356
129.664, -43.1892
129.668, -43.3141
129.672, -43.4908
129.676, -43.6879
129.68, -43.9171
129.684, -44.0835
129.688, -44.2559
129.692, -44.4499
129.696, -44.6424
129.7, -44.5136
129.704, -44.3945
129.708, -44.2837
129.712, -44.115
129.716, -43.9713
129.72, -43.821
129.724, -43.6929
129.728, -43.5931
129.732, -43.5173
129.736, -43.4619
129.74, -43.3869
129.744, -43.3695
129.748, -43.4278
129.752, -43.5562
129.756, -43.7527
129.76, -43.9813
129.764, -44.2334
129.768, -44.4852
129.772, -44.7541
129.776, -45.0181
129.78, -45.2614
129.784, -45.507
129.788, -45.6853
129.792, -45.7976
129.796, -45.8447
129.8, -45.8168
129.804, -45.7558
129.808, -45.7317
129.812, -45.674
129.816, -45.5878
129.82, -45.4678
129.824, -45.3285
129.828, -45.182
129.832, -45.1128
129.836, -45.0353
129.84, -44.9599
129.844, -44.8864
129.848, -44.8423
129.852, -44.7954
129.856, -44.9107
129.86, -45.0116
129.864, -45.1193
129.868, -45.2319
129.872, -45.4684
129.876, -45.7606
129.88, -46.0072
129.884, -46.3067
129.888, -46.5069
129.892, -46.6696
129.896, -46.7877
129.9, -46.8046
129.904, -46.8685
129.908, -46.8565
129.912, -46.7904
129.916, -46.6878
129.92, -46.591
129.924, -46.4435
129.928, -46.2529
129.932, -46.1461
129.936, -46.0087
129.94, -45.8545
129.944, -45.7788
129.948, -45.705
129.952, -45.6421
129.956, -45.5884
129.96, -45.607
129.964, -45.7237
129.968, -45.8428
129.972, -45.9465
129.976, -46.039
129.98, -46.2094
129.984, -46.3331
129.988, -46.5261
129.992, -46.6319
129.996, -46.6915
130, -46.7347
130.004, -46.7053
130.008, -46.6337
130.012, -46.5263
130.016, -46.3976
130.02, -46.2601
130.024, -46.0872
130.028, -45.8749
130.032, -45.6475
130.036, -45.426
130.04, -45.2186
130.044, -45.0233
130.048, -44.8569
130.052, -44.7243
130.056, -44.7135
130.06, -44.748
130.064, -44.9278
130.068, -45.1616
130.072, -45.4173
130.076, -45.6718
130.08, -46.1662
130.084, -46.5769
130.088, -47.305
130.092, -47.8336
130.096, -48.2863
130.1, -48.5634
130.104, -48.6614
130.108, -48.6348
130.112, -48.5007
130.116, -48.2471
130.12, -47.8731
130.124, -47.3873
130.128, -46.8434
130.132, -46.3149
130.136, -45.7809
130.14, -45.2145
130.144, -44.6854
130.148, -44.1974
130.152, -43.7815
130.156, -43.455
130.16, -43.2138
130.164, -43.0826
130.168, -43.0544
130.172, -43.1646
130.176, -43.3822
130.18, -43.695
130.184, -44.0941
130.188, -44.5559
130.192, -44.9945
130.196, -45.3989
130.2, -45.7958
130.204, -46.1184
130.208, -46.3354
130.212, -46.4242
130.216, -46.4032
130.22, -46.3111
130.224, -46.149
130.228, -45.9366
130.232, -45.6628
130.236, -45.3644
130.24, -45.0266
130.244, -44.6738
130.248, -44.3174
130.252, -43.9673
130.256, -43.6597
130.26, -43.3882
130.264, -43.1662
130.268, -43.0049
130.272, -42.8952
130.276, -42.8204
130.28, -42.8226
130.284, -42.9446
130.288, -43.188
130.292, -43.4679
130.296, -43.7744
130.3, -44.0829
130.304, -44.3929
130.308, -44.6869
130.312, -44.9347
130.316, -45.0803
130.32, -45.1515
130.324, -45.2033
130.328, -45.1865
130.332, -45.1257
130.336, -45.0274
130.34, -44.888
130.344, -44.7135
130.348, -44.5091
130.352, -44.2792
130.356, -44.0369
130.36, -43.7933
130.364, -43.5578
130.368, -43.3572
130.372, -43.1862
130.376, -43.0498
130.38, -42.9614
130.384, -42.9232
130.388, -42.9489
130.392, -43.0707
130.396, -43.2624
130.4, -43.522
130.404, -43.8137
130.408, -44.0943
130.412, -44.3669
130.416, -44.5304
130.42, -44.6663
130.424, -44.7478
130.428, -44.7726
130.432, -44.7452
130.436, -44.694
130.44, -44.6225
130.444, -44.5151
130.448, -44.368
130.452, -44.2054
130.456, -44.0391
130.46, -43.8787
130.464, -43.7049
130.468, -43.5476
130.472, -43.4135
130.476, -43.3271
130.48, -43.272
130.484, -43.2437
130.488, -43.2195
130.492, -43.233
130.496, -43.3287
130.5, -43.5015
130.504, -43.7129
130.508, -43.8836
130.512, -44.042
130.516, -44.2086
130.52, -44.3468
130.524, -44.4472
130.528, -44.5372
130.532, -44.6026
130.536, -44.6329
130.54, -44.6377
130.544, -44.6025
130.548, -44.5446
130.552, -44.4674
130.556, -44.3645
130.56, -44.2583
130.564, -44.1677
130.568, -44.072
130.572, -43.9719
130.576, -43.8866
130.58, -43.8231
130.584, -43.7783
130.588, -43.7309
130.592, -43.6905
130.596, -43.6955
130.6, -43.7679
130.604, -43.8721
130.608, -43.9649
130.612, -44.0324
130.616, -44.1501
130.62, -44.27
130.624, -44.4087
130.628, -44.5266
130.632, -44.6466
130.636, -44.7338
130.64, -44.7799
130.644, -44.7701
130.648, -44.7524
130.652, -44.7188
130.656, -44.6623
130.66, -44.6142
130.664, -44.5454
130.668, -44.4682
130.672, -44.3838
130.676, -44.3026
130.68, -44.2241
130.684, -44.1665
130.688, -44.0989
130.692, -44.0226
130.696, -43.9763
130.7, -43.9739
130.704, -44.0217
130.708, -44.0909
130.712, -44.1927
130.716, -44.2838
130.72, -44.4016
130.724, -44.5043
130.728, -44.6305
130.732, -44.7565
130.736, -44.8653
130.74, -44.9098
130.744, -44.9249
130.748, -44.9123
130.752, -44.8922
130.756, -44.8659
130.76, -44.8341
130.764, -44.7792
130.768, -44.7138
130.772, -44.621
130.776, -44.5419
130.78, -44.4745
130.784, -44.417
130.788, -44.3495
130.792, -44.292
130.796, -44.2522
130.8, -44.2183
130.804, -44.1988
130.808, -44.2194
130.812, -44.2861
130.816, -44.3344
130.82, -44.404
130.824, -44.5061
130.828, -44.5974
130.832, -44.6809
130.836, -44.7588
130.84, -44.8153
130.844, -44.8907
130.848, -44.9455
130.852, -44.9509
130.856, -44.9344
130.86, -44.9018
130.864, -44.8647
130.868, -44.8146
130.872, -44.7533
130.876, -44.6917
130.88, -44.63
130.884, -44.5682
130.888, -44.5154
130.892, -44.4705
130.896, -44.4229
130.9, -44.3917
130.904, -44.3836
130.908, -44.3881
130.912, -44.4257
130.916, -44.4702
130.92, -44.537
130.924, -44.5854
130.928, -44.655
130.932, -44.7055
130.936, -44.7422
130.94, -44.7861
130.944, -44.8179
130.948, -44.8238
130.952, -44.8281
130.956, -44.8205
130.96, -44.8047
130.964, -44.7913
130.968, -44.7706
130.972, -44.7436
130.976, -44.7021
130.98, -44.6667
130.984, -44.6458
130.988, -44.628
130.992, -44.6128
130.996, -44.5906
131, -44.5624
131.004, -44.5384
131.008, -44.5179
131.012, -44.5004
131.016, -44.5417
131.02, -44.5544
131.024, -44.5502
131.028, -44.5465
131.032, -44.5434
131.036, -44.5729
131.04, -44.6115
131.044, -44.6567
131.048, -44.7067
131.052, -44.7259
131.056, -44.7398
131.06, -44.7499
131.064, -44.7572
131.068, -44.7625
131.072, -44.7553
131.076, -44.7611
131.08, -44.7654
131.084, -44.7577
131.088, -44.7419
131.092, -44.7192
131.096, -44.6905
131.1, -44.6661
131.104, -44.6453
131.108, -44.9564
131.112, -45.4403
131.116, -45.7745
131.12, -46.0172
131.124, -46.1935
131.128, -46.3042
131.132, -46.3674
131.136, -46.9636
131.14, -47.2763
131.144, -47.5548
131.148, -47.6195
131.152, -47.8728
131.156, -47.9192
131.16, -47.8909
131.164, -47.7461
131.168, -47.6784
131.172, -47.5
131.176, -47.348
131.18, -47.0791
131.184, -46.7201
131.188, -46.3027
131.192, -45.8449
131.196, -45.427
131.2, -45.0615
131.204, -44.6944
131.208, -44.3443
131.212, -44.1297
131.216, -43.9466
131.22, -43.7906
131.224, -43.7134
131.228, -43.6198
131.232, -43.6051
131.236, -43.6678
131.24, -43.7993
131.244, -43.9464
131.248, -44.1048
131.252, -44.0091
131.256, -43.9646
131.26, -43.9638
131.264, -44.0142
131.268, -44.0508
131.272, -44.0774
131.276, -43.9485
131.28, -43.8481
131.284, -43.7717
131.288, -43.6974
131.292, -43.6434
131.296, -43.6159
131.3, -43.4717
131.304, -43.3768
131.308, -43.3237
131.312, -43.3063
131.316, -43.2079
131.32, -43.1612
131.324, -43.1585
131.328, -43.2747
131.332, -43.181
131.336, -43.1104
131.34, -43.0874
131.344, -43.1371
131.348, -43.0638
131.352, -43.057
131.356, -43.0512
131.36, -43.1452
131.364, -43.2994
131.368, -43.2856
131.372, -43.3498
131.376, -43.448
131.38, -43.6053
131.384, -43.5555
131.388, -43.5409
131.392, -43.5695
131.396, -43.6419
131.4, -43.596
131.404, -43.5848
131.408, -43.6358
131.412, -43.7244
131.416, -43.7888
131.42, -43.9043
131.424, -44.0054
131.428, -43.8871
131.432, -43.8142
131.436, -43.7706
131.44, -43.7521
131.444, -43.7363
131.448, -43.7321
131.452, -43.7427
131.456, -43.802
131.46, -43.751
131.464, -43.7168
131.468, -43.7062
131.472, -43.7239
131.476, -43.7539
131.48, -43.8273
131.484, -43.6982
131.488, -43.6068
131.492, -43.5382
131.496, -43.489
131.5, -43.2335
131.504, -43.0344
131.508, -42.7625
131.512, -42.4938
131.516, -42.3019
131.52, -42.1755
131.524, -42.1049
131.528, -42.1005
131.532, -42.1279
131.536, -42.2166
131.54, -42.4873
131.544, -42.8559
131.548, -43.2612
131.552, -43.4867
131.556, -43.7881
131.56, -44.1445
131.564, -44.4893
131.568, -44.6365
131.572, -44.7434
131.576, -44.821
131.58, -44.9461
131.584, -45.0026
131.588, -44.904
131.592, -44.7179
131.596, -44.5128
131.6, -44.3103
131.604, -44.1934
131.608, -44.0659
131.612, -43.9387
131.616, -43.8211
131.62, -43.7301
131.624, -43.6712
131.628, -43.6488
131.632, -43.665
131.636, -43.7456
131.64, -43.9245
131.644, -44.106
131.648, -44.1347
131.652, -44.2415
131.656, -44.3535
131.66, -44.4692
131.664, -44.5876
131.668, -44.6908
131.672, -44.783
131.676, -44.8499
131.68, -44.8813
131.684, -44.9041
131.688, -44.9206
131.692, -44.9086
131.696, -44.8797
131.7, -44.8273
131.704, -44.7733
131.708, -44.7087
131.712, -44.7001
131.716, -44.6929
131.72, -44.6774
131.724, -44.6549
131.728, -44.6451
131.732, -44.8186
131.736, -44.9619
131.74, -45.0144
131.744, -45.0697
131.748, -45.1442
131.752, -45.2327
131.756, -45.3142
131.76, -45.3562
131.764, -45.3695
131.768, -45.7403
131.772, -45.9924
131.776, -46.1582
131.78, -46.2443
131.784, -46.2724
131.788, -46.2648
131.792, -46.2398
131.796, -46.172
131.8, -46.0772
131.804, -45.9499
131.808, -45.7951
131.812, -45.5981
131.816, -45.3931
131.82, -45.2185
131.824, -45.5791
131.828, -45.8066
131.832, -45.9546
131.836, -46.0964
131.84, -46.251
131.844, -46.4149
131.848, -46.5511
131.852, -46.6672
131.856, -46.7171
131.86, -46.6903
131.864, -46.6302
131.868, -46.5326
131.872, -46.403
131.876, -46.2462
131.88, -46.0661
131.884, -45.8662
131.888, -45.6494
131.892, -45.4369
131.896, -45.2279
131.9, -45.0313
131.904, -44.8637
131.908, -45.3387
131.912, -45.7524
131.916, -46.1045
131.92, -46.4289
131.924, -46.9053
131.928, -47.2512
131.932, -47.64
131.936, -47.9051
131.94, -47.9944
131.944, -47.9644
131.948, -47.8645
131.952, -47.6865
131.956, -47.4327
131.96, -47.105
131.964, -46.7236
131.968, -46.3058
131.972, -45.8569
131.976, -45.4187
131.98, -44.9988
131.984, -44.6132
131.988, -44.1639
131.992, -44.0874
131.996, -44.4997
132, -44.9367
132.004, -45.4948
132.008, -45.9
132.012, -46.5726
132.016, -47.2331
132.02, -47.7986
132.024, -48.3297
132.028, -48.6637
132.032, -48.8203
132.036, -48.8995
132.04, -48.8099
132.044, -48.6499
132.048, -48.365
132.052, -47.9643
132.056, -47.4651
132.06, -46.9004
132.064, -46.2891
132.068, -45.6383
132.072, -45.0001
132.076, -44.382
132.08, -43.8275
132.084, -43.3828
132.088, -43.0317
132.092, -42.8346
132.096, -42.741
132.1, -42.7823
132.104, -43.0703
132.108, -43.5202
132.112, -43.9672
132.116, -44.4811
132.12, -45.0262
132.124, -45.5597
132.128, -45.9298
132.132, -46.233
132.136, -46.4532
132.14, -46.5787
132.144, -46.5838
132.148, -46.5115
132.152, -46.3756
132.156, -46.1669
132.16, -45.9055
132.164, -45.5899
132.168, -45.2375
132.172, -44.8628
132.176, -44.4693
132.18, -44.1062
132.184, -43.7781
132.188, -43.4893
132.192, -43.2711
132.196, -43.1222
132.2, -43.0603
132.204, -43.083
132.208, -43.2371
132.212, -43.4865
132.216, -43.8052
132.22, -44.1743
132.224, -44.5627
132.228, -44.9479
132.232, -45.2792
132.236, -45.5542
132.24, -45.7367
132.244, -45.8348
132.248, -45.8175
132.252, -45.7656
132.256, -45.6286
132.26, -45.4375
132.264, -45.1912
132.268, -44.9163
132.272, -44.617
132.276, -44.3063
132.28, -44.0044
132.284, -43.7193
132.288, -43.4671
132.292, -43.28
132.296, -43.1669
132.3, -43.1078
132.304, -43.1037
132.308, -43.2178
132.312, -43.4382
132.316, -43.6154
132.32, -43.8817
132.324, -44.1783
132.328, -44.4968
132.332, -44.8313
132.336, -45.1087
132.34, -45.31
132.344, -45.4391
132.348, -45.4246
132.352, -45.4031
132.356, -45.3475
132.36, -45.2538
132.364, -45.0996
132.368, -44.9125
132.372, -44.6974
132.376, -44.4491
132.38, -44.1911
132.384, -43.9434
132.388, -43.723
132.392, -43.5445
132.396, -43.411
132.4, -43.3158
132.404, -43.2532
132.408, -43.2463
132.412, -43.3557
132.416, -43.4352
132.42, -43.6649
132.424, -43.9521
132.428, -44.2639
132.432, -44.5419
132.436, -44.6921
132.44, -44.8528
132.444, -45.0211
132.448, -45.1605
132.452, -45.2446
132.456, -45.2311
132.46, -45.1824
132.464, -45.1038
132.468, -44.9626
132.472, -44.8143
132.476, -44.6602
132.48, -44.4824
132.484, -44.3031
132.488, -44.1224
132.492, -43.9591
132.496, -43.7921
132.5, -43.6684
132.504, -43.5908
132.508, -43.5526
132.512, -43.561
132.516, -43.6359
132.52, -43.7591
132.524, -43.9345
132.528, -44.1479
132.532, -44.3716
132.536, -44.5341
132.54, -44.7897
132.544, -44.9065
132.548, -44.9225
132.552, -44.9194
132.556, -44.9076
132.56, -44.8603
132.564, -44.7922
132.568, -44.7063
132.572, -44.6052
132.576, -44.4913
132.58, -44.3756
132.584, -44.2399
132.588, -44.115
132.592, -43.9992
132.596, -43.9006
132.6, -43.8072
132.604, -43.737
132.608, -43.6864
132.612, -43.6804
132.616, -43.7742
132.62, -43.9111
132.624, -44.0621
132.628, -44.1373
132.632, -44.2435
132.636, -44.3551
132.64, -44.4705
132.644, -44.5886
132.648, -44.6573
132.652, -44.6899
132.656, -44.6964
132.66, -44.6896
132.664, -44.6746
132.668, -44.6525
132.672, -44.6151
132.676, -44.5368
132.68, -44.4236
132.684, -44.3179
132.688, -44.2093
132.692, -44.0981
132.696, -43.9941
132.7, -43.9055
132.704, -43.83
132.708, -43.7471
132.712, -43.7043
132.716, -43.6863
132.72, -43.6804
132.724, -43.7053
132.728, -43.775
132.732, -43.8772
132.736, -44.0203
132.74, -44.1413
132.744, -44.2808
132.748, -44.4165
132.752, -44.5323
132.756, -44.6335
132.76, -44.6898
132.764, -44.7135
132.768, -44.7307
132.772, -44.7189
132.776, -44.6716
132.78, -44.6035
132.784, -44.5269
132.788, -44.4431
132.792, -44.3717
132.796, -44.3015
132.8, -44.2231
132.804, -44.1285
132.808, -44.0386
132.812, -43.9619
132.816, -43.8966
132.82, -43.8503
132.824, -43.8293
132.828, -43.8307
132.832, -43.8832
132.836, -43.973
132.84, -44.0726
132.844, -44.1793
132.848, -44.2912
132.852, -44.4068
132.856, -44.508
132.86, -44.5814
132.864, -44.6348
132.868, -44.6735
132.872, -44.6701
132.876, -44.658
132.88, -44.629
132.884, -44.5858
132.888, -44.5304
132.892, -44.4646
132.896, -44.3899
132.9, -44.317
132.904, -44.2457
132.908, -44.1663
132.912, -44.0893
132.916, -44.033
132.92, -44.0036
132.924, -43.9786
132.928, -43.9665
132.932, -43.999
132.936, -44.0571
132.94, -44.1336
132.944, -44.1892
132.948, -44.2812
132.952, -44.3651
132.956, -44.4433
132.96, -44.5001
132.964, -44.5413
132.968, -44.5713
132.972, -44.5758
132.976, -44.5683
132.98, -44.5433
132.984, -44.5128
132.988, -44.4867
132.992, -44.4645
132.996, -44.4363
133, -44.403
133.004, -44.3653
133.008, -44.3054
133.012, -44.245
133.016, -44.1935
133.02, -44.159
133.024, -44.1481
133.028, -44.1481
133.032, -44.1481
133.036, -44.1653
133.04, -44.2122
133.044, -44.2807
133.048, -44.3648
133.052, -44.4259
133.056, -44.4875
133.06, -44.5321
133.064, -44.5474
133.068, -44.5441
133.072, -44.5413
133.076, -44.5296
133.08, -44.5103
133.084, -44.4846
133.088, -44.4628
133.092, -44.4441
133.096, -44.4282
133.1, -44.4054
133.104, -44.3859
133.108, -44.3786
133.112, -44.3631
133.116, -44.3499
133.12, -44.3387
133.124, -44.3291
133.128, -44.3209
133.132, -44.3252
133.136, -44.3283
133.14, -44.3306
133.144, -44.3323
133.148, -44.3335
133.152, -44.3343
133.156, -44.3254
133.16, -44.3457
133.164, -44.3776
133.168, -44.4008
133.172, -44.4176
133.176, -44.4299
133.18, -44.4387
133.184, -44.4452
133.188, -44.4671
133.192, -44.4664
133.196, -44.4565
133.2, -44.4481
133.204, -44.4692
133.208, -44.4682
133.212, -44.9997
133.216, -45.3857
133.22, -45.6661
133.224, -45.904
133.228, -46.0768
133.232, -46.5462
133.236, -46.8183
133.24, -47.0159
133.244, -47.0389
133.248, -46.9829
133.252, -46.8702
133.256, -46.6906
133.26, -46.4262
133.264, -46.4051
133.268, -46.6813
133.272, -46.71
133.276, -46.6562
133.28, -46.5546
133.284, -46.4773
133.288, -46.365
133.292, -46.2322
133.296, -46.0911
133.3, -45.8966
133.304, -45.6938
133.308, -45.4466
133.312, -45.1617
133.316, -44.8633
133.32, -44.5719
133.324, -44.2957
133.328, -44.0417
133.332, -43.8253
133.336, -43.6502
133.34, -43.4266
133.344, -43.1062
133.348, -42.861
133.352, -42.7077
133.356, -42.6143
133.36, -42.5996
133.364, -42.6969
133.368, -42.6236
133.372, -42.68
133.376, -42.8929
133.38, -43.1335
133.384, -43.4458
133.388, -43.535
133.392, -43.7201
133.396, -43.9577
133.4, -44.0443
133.404, -44.1587
133.408, -44.1385
133.412, -44.1583
133.416, -44.2071
133.42, -44.2598
133.424, -44.298
133.428, -44.1923
133.432, -44.1023
133.436, -44.0348
133.44, -43.9681
133.444, -43.9204
133.448, -43.7684
133.452, -43.6481
133.456, -43.5549
133.46, -43.4848
133.464, -43.3508
133.468, -43.2737
133.472, -43.2359
133.476, -43.2622
133.48, -43.3157
133.484, -43.4578
133.488, -43.4922
133.492, -43.6203
133.496, -43.7821
133.5, -43.9856
133.504, -44.2193
133.508, -44.2181
133.512, -44.1985
133.516, -44.202
133.52, -44.2217
133.524, -44.1365
133.528, -44.064
133.532, -43.9651
133.536, -43.8901
133.54, -43.8169
133.544, -43.7731
133.548, -43.7543
133.552, -43.6733
133.556, -43.5856
133.56, -43.5481
133.564, -43.4976
133.568, -43.4545
133.572, -43.4553
133.576, -43.5075
133.58, -43.6314
133.584, -43.6871
133.588, -43.7962
133.592, -43.8755
133.596, -44.0535
133.6, -44.1827
133.604, -44.3281
133.608, -44.4681
133.612, -44.5869
133.616, -44.7076
133.62, -44.8125
133.624, -44.9058
133.628, -44.9219
133.632, -44.919
133.636, -44.898
133.64, -44.8615
133.644, -44.8118
133.648, -44.7509
133.652, -44.6804
133.656, -44.6018
133.66, -44.5255
133.664, -44.4512
133.668, -44.3786
133.672, -44.3075
133.676, -44.2004
133.68, -44.1278
133.684, -44.0937
133.688, -44.1432
133.692, -44.1963
133.696, -44.2865
133.7, -44.4208
133.704, -44.5871
133.708, -44.7594
133.712, -44.919
133.716, -45.0692
133.72, -45.1956
133.724, -45.3217
133.728, -45.4133
133.732, -45.5314
133.736, -45.6172
133.74, -45.6451
133.744, -45.6281
133.748, -45.5766
133.752, -45.5048
133.756, -45.4994
133.76, -45.4668
133.764, -45.4577
133.768, -45.4314
133.772, -45.3903
133.776, -45.3275
133.78, -45.2554
133.784, -45.1847
133.788, -45.1934
133.792, -45.1876
133.796, -45.1826
133.8, -45.1784
133.804, -45.3436
133.808, -45.4981
133.812, -45.6102
133.816, -45.6917
133.82, -45.7336
133.824, -45.7314
133.828, -45.8656
133.832, -45.9803
133.836, -46.0291
133.84, -46.0019
133.844, -45.9507
133.848, -45.8979
133.852, -45.9177
133.856, -45.8884
133.86, -45.8169
133.864, -45.7189
133.868, -45.7003
133.872, -45.6659
133.876, -45.6273
133.88, -45.5758
133.884, -45.5227
133.888, -45.5764
133.892, -45.6154
133.896, -45.6266
133.9, -45.6216
133.904, -45.6081
133.908, -45.6556
133.912, -45.6557
133.916, -45.6372
133.92, -45.5935
133.924, -45.5284
133.928, -45.5289
133.932, -45.5105
133.936, -45.4948
133.94, -45.4536
133.944, -45.4185
133.948, -45.37
133.952, -45.3008
133.956, -45.2418
133.96, -45.1637
133.964, -45.0879
133.968, -45.0604
133.972, -45.0369
133.976, -44.9891
133.98, -44.9391
133.984, -44.9243
133.988, -44.9116
133.992, -44.9009
133.996, -44.9011
134, -44.8919
134.004, -44.8841
134.008, -44.9061
134.012, -44.9393
134.016, -44.9462
134.02, -44.9396
134.024, -44.9247
134.028, -44.9528
134.032, -44.9452
134.036, -44.9387
134.04, -44.9146
134.044, -44.8848
134.048, -44.8501
134.052, -44.802
134.056, -44.761
134.06, -44.7075
134.064, -44.6526
134.068, -44.6058
134.072, -44.5567
134.076, -44.5241
134.08, -44.5056
134.084, -44.4991
134.088, -44.4843
134.092, -44.4717
134.096, -44.4609
134.1, -44.4517
134.104, -44.4346
134.108, -44.4108
134.112, -44.3905
134.116, -44.3732
134.12, -44.3584
134.124, -44.4039
134.128, -44.4197
134.132, -44.4166
134.136, -44.414
134.14, -44.4271
134.144, -44.4229
134.148, -44.4193
134.152, -44.4163
134.156, -44.4044
134.16, -44.4545
134.164, -44.508
134.168, -44.5297
134.172, -44.5454
134.176, -44.5569
134.18, -44.5651
134.184, -44.6056
134.188, -44.6028
134.192, -44.5726
134.196, -44.5283
134.2, -44.4813
134.204, -44.4412
134.208, -44.3792
134.212, -44.3078
134.216, -44.2191
134.22, -44.1342
134.224, -44.0434
134.228, -43.9566
134.232, -43.8734
134.236, -43.8211
134.24, -43.7857
134.244, -43.7649
134.248, -43.7472
134.252, -43.7536
134.256, -43.8099
134.26, -43.8679
134.264, -43.9101
134.268, -43.9579
134.272, -44.0098
134.276, -44.0647
134.28, -44.139
134.284, -44.1929
134.288, -44.1769
134.292, -44.1726
134.296, -44.1689
134.3, -44.1802
134.304, -44.1661
134.308, -44.1355
134.312, -44.0909
134.316, -44.0436
134.32, -43.994
134.324, -43.961
134.328, -43.905
134.332, -43.8573
134.336, -43.826
134.34, -43.8086
134.344, -43.8154
134.348, -43.8204
134.352, -43.8241
134.356, -43.8439
134.36, -43.9099
134.364, -44.0094
134.368, -44.0989
134.372, -44.1467
134.376, -44.2158
134.38, -44.3004
134.384, -44.3618
134.388, -44.372
134.392, -44.3667
134.396, -44.3529
134.4, -44.3319
134.404, -44.314
134.408, -44.2894
134.412, -44.2499
134.416, -44.207
134.42, -44.1519
134.424, -44.0956
134.428, -44.0476
134.432, -43.9975
134.436, -43.9547
134.44, -43.9276
134.444, -43.9138
134.448, -43.902
134.452, -43.9178
134.456, -43.9808
134.46, -44.0438
134.464, -44.0896
134.468, -44.1572
134.472, -44.2063
134.476, -44.2592
134.48, -44.3148
134.484, -44.3723
134.488, -44.3969
134.492, -44.432
134.496, -44.4747
134.5, -44.5057
134.504, -44.4807
134.508, -44.4594
134.512, -44.4413
134.516, -44.4165
134.52, -44.3769
134.524, -44.3431
134.528, -44.3236
134.532, -44.3163
134.536, -44.3007
134.54, -44.2782
134.544, -44.259
134.548, -44.2148
134.552, -44.1957
134.556, -44.1887
134.56, -44.2121
134.564, -44.2026
134.568, -44.1946
134.572, -44.2164
134.576, -44.2838
134.58, -44.3671
134.584, -44.3932
134.588, -44.4122
134.592, -44.4432
134.596, -44.4657
134.6, -44.4992
134.604, -44.5407
134.608, -44.5881
134.612, -44.6225
134.616, -44.6303
134.62, -44.6359
134.624, -44.6401
134.628, -44.6231
134.632, -44.5994
134.636, -44.5792
134.64, -44.5434
134.644, -44.4943
134.648, -44.4525
134.652, -44.4168
134.656, -44.405
134.66, -44.4042
134.664, -44.3943
134.668, -44.3958
134.672, -44.4141
134.676, -44.4618
134.68, -44.4964
134.684, -44.5216
134.688, -44.5398
134.692, -44.5531
134.696, -44.5799
134.7, -44.5994
134.704, -44.6136
134.708, -44.6098
134.712, -44.6066
134.716, -44.6039
134.72, -44.6016
134.724, -44.5904
134.728, -44.5808
134.732, -44.5726
134.736, -44.5656
134.74, -44.5504
134.744, -44.5282
134.748, -44.5092
134.752, -44.5023
134.756, -44.5259
134.76, -44.543
134.764, -44.5404
134.768, -44.5535
134.772, -44.5802
134.776, -44.6168
134.78, -44.6434
134.784, -44.6353
134.788, -44.6283
134.792, -44.6224
134.796, -44.6303
134.8, -44.6532
134.804, -44.6698
134.808, -44.6671
134.812, -44.6647
134.816, -44.6627
134.82, -44.661
134.824, -44.6755
134.828, -44.686
134.832, -44.6808
134.836, -44.6671
134.84, -44.6369
134.844, -44.6204
134.848, -44.6157
134.852, -44.6116
134.856, -44.6081
134.86, -44.6052
134.864, -44.6178
134.868, -44.6134
134.872, -44.6237
134.876, -44.6312
134.88, -44.6367
134.884, -44.6406
134.888, -44.6329
134.892, -44.6263
134.896, -44.633
134.9, -44.638
134.904, -44.6306
134.908, -44.6244
134.912, -44.6098
134.916, -44.5973
134.92, -44.5959
134.924, -44.611
134.928, -44.622
134.932, -44.6299
134.936, -44.6237
134.94, -44.6185
134.944, -44.6274
134.948, -44.6339
134.952, -44.6386
134.956, -44.6311
134.96, -44.6248
134.964, -44.6193
134.968, -44.6147
134.972, -44.6108
134.976, -44.6074
134.98, -44.5953
134.984, -44.5942
134.988, -44.5933
134.992, -44.5833
134.996, -44.5747
135, -44.5581
135.004, -44.544
135.008, -44.5319
135.012, -44.5309
135.016, -44.5466
135.02, -44.558
135.024, -44.5531
135.028, -44.549
135.032, -44.5362
135.036, -44.5253
135.04, -44.5067
135.044, -44.4909
135.048, -44.4867
135.052, -44.4831
135.056, -44.4708
135.06, -44.4695
135.064, -44.4848
135.068, -44.5131
135.072, -44.5508
135.076, -44.561
135.08, -44.5557
135.084, -44.5512
135.088, -44.5474
135.092, -44.5441
135.096, -44.532
135.1, -44.5217
135.104, -44.5129
135.108, -44.4961
135.112, -44.4819
135.116, -44.4697
135.12, -44.4593
135.124, -44.4505
135.128, -44.4337
135.132, -44.41
135.136, -44.3899
135.14, -44.2056
135.144, -43.9465
135.148, -43.6886
135.152, -43.4781
135.156, -43.2986
135.16, -43.155
135.164, -43.0512
135.168, -42.9905
135.172, -42.9852
135.176, -43.1145
135.18, -43.3632
135.184, -43.6814
135.188, -44.0673
135.192, -44.5023
135.196, -44.9213
135.2, -45.3116
135.204, -45.6638
135.208, -45.9711
135.212, -46.1942
135.216, -46.597
135.22, -46.9583
135.224, -47.1347
135.228, -47.1596
135.232, -47.1604
135.236, -47.0958
135.24, -46.9571
135.244, -46.8204
135.248, -46.6017
135.252, -46.3132
135.256, -45.9838
135.26, -45.7032
135.264, -45.3433
135.268, -45.1109
135.272, -44.885
135.276, -44.6926
135.28, -44.5471
135.284, -44.516
135.288, -44.5529
135.292, -44.7516
135.296, -45.0163
135.3, -45.3118
135.304, -45.6467
135.308, -45.9931
135.312, -46.3478
135.316, -46.6226
135.32, -46.8221
135.324, -46.9497
135.328, -47.0424
135.332, -47.1097
135.336, -47.0896
135.34, -46.9982
135.344, -46.9111
135.348, -46.7625
135.352, -46.6081
135.356, -46.4208
135.36, -46.2147
135.364, -45.9927
135.368, -45.7571
135.372, -45.5285
135.376, -45.3244
135.38, -45.1876
135.384, -45.0804
135.388, -45.0075
135.392, -45.0011
135.396, -45.0771
135.4, -45.2182
135.404, -45.4411
135.408, -45.7061
135.412, -46.1221
135.416, -46.493
135.42, -46.7968
135.424, -47.0002
135.428, -47.1822
135.432, -47.2972
135.436, -47.2958
135.44, -47.2761
135.444, -47.1943
135.448, -47.0595
135.452, -46.9447
135.456, -46.7262
135.46, -46.5214
135.464, -46.3005
135.468, -46.0751
135.472, -45.8552
135.476, -45.6492
135.48, -45.4737
135.484, -45.352
135.488, -45.2761
135.492, -45.2393
135.496, -45.3016
135.5, -45.4672
135.504, -45.6907
135.508, -45.9045
135.512, -46.1458
135.516, -46.407
135.52, -46.6827
135.524, -46.9173
135.528, -47.1048
135.532, -47.241
135.536, -47.2883
135.54, -47.2789
135.544, -47.2524
135.548, -47.1926
135.552, -47.1046
135.556, -46.9739
135.56, -46.8068
135.564, -46.6086
135.568, -46.412
135.572, -46.2165
135.576, -46.0593
135.58, -45.9253
135.584, -45.811
135.588, -45.723
135.592, -45.6944
135.596, -45.7352
135.6, -45.8337
135.604, -45.974
135.608, -46.1275
135.612, -46.3249
135.616, -46.5543
135.62, -46.7724
135.624, -46.9481
135.628, -47.196
135.632, -47.3588
135.636, -47.4598
135.64, -47.5159
135.644, -47.51
135.648, -47.4772
135.652, -47.4028
135.656, -47.2651
135.66, -47.1106
135.664, -46.9326
135.668, -46.7066
135.672, -46.4862
135.676, -46.2705
135.68, -46.0867
135.684, -45.9486
135.688, -45.8588
135.692, -45.8194
135.696, -45.8432
135.7, -45.9293
135.704, -46.0951
135.708, -46.3186
135.712, -46.5153
135.716, -46.7441
135.72, -47.0135
135.724, -47.2779
135.728, -47.5043
135.732, -47.6687
135.736, -47.7536
135.74, -47.7809
135.744, -47.7731
135.748, -47.7385
135.752, -47.6534
135.756, -47.5158
135.76, -47.3522
135.764, -47.1756
135.768, -46.9787
135.772, -46.7737
135.776, -46.5805
135.78, -46.4066
135.784, -46.277
135.788, -46.1572
135.792, -46.0737
135.796, -46.0676
135.8, -46.1611
135.804, -46.2118
135.808, -46.3518
135.812, -46.5567
135.816, -46.7914
135.82, -47.0651
135.824, -47.3326
135.828, -47.5441
135.832, -47.7492
135.836, -47.8982
135.84, -47.972
135.844, -47.9637
135.848, -47.9382
135.852, -47.8978
135.856, -47.8355
135.86, -47.7453
135.864, -47.6128
135.868, -47.4627
135.872, -47.3162
135.876, -47.1635
135.88, -47.0241
135.884, -46.8868
135.888, -46.779
135.892, -46.6965
135.896, -46.6355
135.9, -46.6299
135.904, -46.6726
135.908, -46.7725
135.912, -46.9138
135.916, -47.068
135.92, -47.2315
135.924, -47.3675
135.928, -47.5006
135.932, -47.6489
135.936, -47.7909
135.94, -47.9113
135.944, -47.9815
135.948, -47.9719
135.952, -47.9451
135.956, -47.8945
135.96, -47.8234
135.964, -47.7258
135.968, -47.6054
135.972, -47.475
135.976, -47.336
135.98, -47.199
135.984, -47.0729
135.988, -46.9562
135.992, -46.8661
135.996, -46.7985
136, -46.7688
136.004, -46.7528
136.008, -46.7619
136.012, -46.8201
136.016, -46.914
136.02, -47.0337
136.024, -47.1723
136.028, -47.3073
136.032, -47.4569
136.036, -47.5999
136.04, -47.7038
136.044, -47.7449
136.048, -47.7575
136.052, -47.7438
136.056, -47.7136
136.06, -47.6879
136.064, -47.6195
136.068, -47.5334
136.072, -47.4415
136.076, -47.3446
136.08, -47.2434
136.084, -47.1387
136.088, -47.0587
136.092, -46.9812
136.096, -46.9152
136.1, -46.8683
136.104, -46.8376
136.108, -46.8207
136.112, -46.8284
136.116, -46.8856
136.12, -46.9959
136.124, -47.1276
136.128, -47.2577
136.132, -47.3865
136.136, -47.4972
136.14, -47.5949
136.144, -47.6485
136.148, -47.6875
136.152, -47.7158
136.156, -47.7364
136.16, -47.7351
136.164, -47.7341
136.168, -47.7053
136.172, -47.6437
136.176, -47.5726
136.18, -47.5028
136.184, -47.4246
136.188, -47.3395
136.192, -47.267
136.196, -47.2052
136.2, -47.1432
136.204, -47.0997
136.208, -47.0719
136.212, -47.0667
136.216, -47.0931
136.22, -47.1466
136.224, -47.237
136.228, -47.3371
136.232, -47.4442
136.236, -47.5563
136.24, -47.655
136.244, -47.7438
136.248, -47.7911
136.252, -47.8082
136.256, -47.8206
136.26, -47.8468
136.264, -47.8487
136.268, -47.8216
136.272, -47.7799
136.276, -47.7351
136.28, -47.669
136.284, -47.5849
136.288, -47.4853
136.292, -47.3912
136.296, -47.311
136.3, -47.2984
136.304, -47.2876
136.308, -47.2784
136.312, -47.3155
136.316, -47.3597
136.32, -47.4433
136.324, -47.4697
136.328, -47.506
136.332, -47.5668
136.336, -47.6282
136.34, -47.6899
136.344, -47.7347
136.348, -47.7673
136.352, -47.8253
136.356, -47.8846
136.36, -47.9105
136.364, -47.9021
136.368, -47.8856
136.372, -47.853
136.376, -47.816
136.38, -47.7658
136.384, -47.7045
136.388, -47.6708
136.392, -47.605
136.396, -47.5396
136.4, -47.4838
136.404, -47.4363
136.408, -47.3866
136.412, -47.3349
136.416, -47.2909
136.42, -47.2533
136.424, -47.2399
136.428, -47.2704
136.432, -47.3441
136.436, -47.432
136.44, -47.4958
136.444, -47.5766
136.448, -47.6524
136.452, -47.7935
136.456, -47.8615
136.46, -47.8937
136.464, -47.8999
136.468, -47.9044
136.472, -47.9077
136.476, -47.8996
136.48, -47.8742
136.484, -47.834
136.488, -47.7812
136.492, -47.7269
136.496, -47.6713
136.5, -47.6147
136.504, -47.5571
136.508, -47.4988
136.512, -47.4491
136.516, -47.4253
136.52, -47.4394
136.524, -47.4496
136.528, -47.4914
136.532, -47.5218
136.536, -47.561
136.54, -47.6067
136.544, -47.6399
136.548, -47.6812
136.552, -47.7284
136.556, -47.7798
136.56, -47.8516
136.564, -47.9037
136.568, -47.9415
136.572, -47.9518
136.576, -47.9593
136.58, -47.9529
136.584, -47.9289
136.588, -47.8899
136.592, -47.8752
136.596, -47.8534
136.6, -47.8256
136.604, -47.7833
136.608, -47.7379
136.612, -47.69
136.616, -47.6399
136.62, -47.6065
136.624, -47.5873
136.628, -47.5709
136.632, -47.557
136.636, -47.5694
136.64, -47.6128
136.644, -47.6787
136.648, -47.7265
136.652, -47.7613
136.656, -47.7865
136.66, -47.822
136.664, -47.865
136.668, -47.9822
136.672, -48.0501
136.676, -48.0822
136.68, -48.1056
136.684, -48.1054
136.688, -48.0867
136.692, -48.212
136.696, -48.303
136.7, -48.3346
136.704, -48.3404
136.708, -48.3241
136.712, -48.3009
136.716, -48.2719
136.72, -48.2565
136.724, -48.2526
136.728, -48.2493
136.732, -48.2612
136.736, -48.2871
136.74, -48.3231
136.744, -48.3665
136.748, -48.6215
136.752, -48.7035
136.756, -48.7803
136.76, -48.8532
136.764, -48.9234
136.768, -48.9572
136.772, -48.9645
136.776, -48.9697
136.78, -48.9532
136.784, -48.9206
136.788, -48.9021
136.792, -48.8677
136.796, -48.8292
136.8, -48.787
136.804, -48.7419
136.808, -48.7219
136.812, -48.6771
136.816, -48.6296
136.82, -48.5984
136.824, -48.5626
136.828, -48.5413
136.832, -48.5421
136.836, -48.5771
136.84, -48.6196
136.844, -48.685
136.848, -48.7668
136.852, -48.7746
136.856, -48.7975
136.86, -48.8142
136.864, -48.8114
136.868, -48.8091
136.872, -48.8397
136.876, -48.862
136.88, -48.8614
136.884, -48.861
136.888, -48.8141
136.892, -48.7649
136.896, -48.7137
136.9, -48.6608
136.904, -48.5693
136.908, -48.482
136.912, -48.3891
136.916, -48.3099
136.92, -48.2424
136.924, -48.1942
136.928, -48.1531
136.932, -48.1181
136.936, -48.0975
136.94, -48.0893
136.944, -48.1451
136.948, -48.1856
136.952, -48.2151
136.956, -48.2536
136.96, -48.2988
136.964, -48.366
136.968, -48.4149
136.972, -48.4159
136.976, -48.4167
136.98, -48.4172
136.984, -48.4176
136.988, -48.4085
136.992, -48.4007
136.996, -48.4056
137, -48.4092
137.004, -48.3827
137.008, -48.3509
137.012, -48.3238
137.016, -48.31
137.02, -48.2982
137.024, -48.2789
137.028, -48.2624
137.032, -48.2484
137.036, -48.2457
137.04, -48.2759
137.044, -48.3494
137.048, -48.4028
137.052, -48.4416
137.056, -48.4382
137.06, -48.4501
137.064, -48.4587
137.068, -48.4649
137.072, -48.4581
137.076, -48.4523
137.08, -48.4009
137.084, -48.5261
137.088, -48.6171
137.092, -48.6064
137.096, -48.5879
137.1, -48.5629
137.104, -48.5044
137.108, -48.4639
137.112, -48.4293
137.116, -48.3999
137.12, -48.3656
137.124, -48.327
137.128, -48.3693
137.132, -48.4172
137.136, -48.4692
137.14, -48.5414
137.144, -48.611
137.148, -48.6443
137.152, -48.6857
137.156, -48.7158
137.16, -48.7376
137.164, -48.7369
137.168, -48.6341
137.172, -48.5373
137.176, -48.4733
137.18, -48.4374
137.184, -48.4254
137.188, -48.4058
137.192, -48.3799
137.196, -48.3299
137.2, -48.2966
137.204, -48.2775
137.208, -48.2613
137.212, -48.2196
137.216, -48.184
137.22, -48.1537
137.224, -48.1465
137.228, -48.1403
137.232, -48.1072
137.236, -48.0883
137.24, -48.0814
137.244, -48.0756
137.248, -48.0836
137.252, -48.1066
137.256, -48.1405
137.26, -48.1651
137.264, -48.1469
137.268, -48.1221
137.272, -48.1195
137.276, -48.1081
137.28, -48.0333
137.284, -47.9696
137.288, -47.906
137.292, -47.7961
137.296, -47.7025
137.3, -47.6041
137.304, -47.5389
137.308, -47.4461
137.312, -47.3671
137.316, -47.2997
137.32, -47.2424
137.324, -47.1934
137.328, -47.1796
137.332, -47.1771
137.336, -47.1379
137.34, -47.1044
137.344, -47.0759
137.348, -47.0609
137.352, -47.0481
137.356, -47.0372
137.36, -47.0279
137.364, -46.9828
137.368, -46.9537
137.372, -46.9103
137.376, -46.8641
137.38, -46.8247
137.384, -46.7911
137.388, -46.8412
137.392, -46.8777
137.396, -46.9214
137.4, -46.9531
137.404, -46.9005
137.408, -46.8557
137.412, -46.8175
137.416, -46.785
137.42, -46.7573
137.424, -46.6965
137.428, -46.6447
137.432, -46.5913
137.436, -46.5551
137.44, -46.5242
137.444, -46.4979
137.448, -46.5252
137.452, -46.508
137.456, -46.4934
137.46, -46.481
137.464, -46.4957
137.468, -46.5236
137.472, -46.5438
137.476, -46.5585
137.48, -46.555
137.484, -46.5667
137.488, -46.5751
137.492, -46.5691
137.496, -46.5362
137.5, -46.5081
137.504, -46.4842
137.508, -46.4545
137.512, -46.42
137.516, -46.3905
137.52, -46.3561
137.524, -46.3547
137.528, -46.3534
137.532, -46.3524
137.536, -46.3515
137.54, -46.3672
137.544, -46.3787
137.548, -46.4042
137.552, -46.4228
137.556, -46.4208
137.56, -46.4098
137.564, -46.4004
137.568, -46.4028
137.572, -46.4045
137.576, -46.4402
137.58, -46.4661
137.584, -46.5021
137.588, -46.5282
137.592, -46.53
137.596, -46.5121
137.6, -46.4876
137.604, -46.4667
137.608, -46.4396
137.612, -46.4258
137.616, -46.4141
137.62, -46.3855
137.624, -46.3426
137.628, -46.2967
137.632, -46.2576
137.636, -46.2336
137.64, -46.2224
137.644, -46.2128
137.648, -46.2047
137.652, -46.2091
137.656, -46.2123
137.66, -46.2318
137.664, -46.5383
137.668, -46.7609
137.672, -46.9397
137.676, -46.8241
137.68, -46.7256
137.684, -46.6324
137.688, -46.5622
137.692, -46.5489
137.696, -46.5375
137.7, -46.5092
137.704, -46.4666
137.708, -46.4302
137.712, -46.3899
137.716, -46.3649
137.72, -46.3436
137.724, -46.3161
137.728, -46.2742
137.732, -46.2384
137.736, -46.2172
137.74, -46.2084
137.744, -46.201
137.748, -46.1946
137.752, -46.1892
137.756, -46.1978
137.76, -46.2041
137.764, -46.2086
137.768, -46.2119
137.772, -46.2315
137.776, -46.263
137.78, -46.303
137.784, -46.332
137.788, -46.3359
137.792, -46.3387
137.796, -46.3752
137.8, -46.3523
137.804, -46.3329
137.808, -46.3163
137.812, -46.3761
137.816, -46.4023
137.82, -46.4042
137.824, -46.3956
137.828, -46.3883
137.832, -46.3542
137.836, -46.3159
137.84, -46.274
137.844, -46.2382
137.848, -46.2171
137.852, -46.2868
137.856, -46.3375
137.86, -46.3743
137.864, -46.3702
137.868, -46.3808
137.872, -46.3886
137.876, -46.4114
137.88, -46.4279
137.884, -46.4252
137.888, -46.3949
137.892, -46.3784
137.896, -46.3644
137.9, -46.3524
137.904, -46.3422
137.908, -46.3335
137.912, -46.3261
137.916, -46.3198
137.92, -46.3144
137.924, -46.3006
137.928, -46.2795
137.932, -46.2615
137.936, -46.2369
137.94, -46.2252
137.944, -46.2245
137.948, -46.2407
137.952, -46.2377
137.956, -46.2259
137.96, -46.2159
137.964, -46.1423
137.968, -46.0796
137.972, -46.0726
137.976, -46.0666
137.98, -46.0523
137.984, -46.0493
137.988, -46.0618
137.992, -46.0709
137.996, -46.0775
138, -46.0823
138.004, -46.103
138.008, -46.1352
138.012, -46.1758
138.016, -46.2053
138.02, -46.2267
138.024, -46.2423
138.028, -46.2535
138.032, -46.2617
138.036, -46.2557
138.04, -46.2633
138.044, -46.2688
138.048, -46.2728
138.052, -46.2757
138.056, -46.295
138.06, -46.3091
138.064, -46.3709
138.068, -46.3813
138.072, -46.3761
138.076, -46.3717
138.08, -46.4163
138.084, -46.4831
138.088, -46.4973
138.092, -46.4657
138.096, -46.448
138.1, -46.4423
138.104, -46.4374
138.108, -46.464
138.112, -46.4834
138.116, -46.4817
138.12, -46.4709
138.124, -46.4712
138.128, -46.4714
138.132, -46.4887
138.136, -46.5013
138.14, -46.5105
138.144, -46.4955
138.148, -46.4827
138.152, -46.4718
138.156, -46.4625
138.16, -46.4651
138.164, -46.4568
138.168, -46.4498
138.172, -46.473
138.176, -46.4729
138.18, -46.4634
138.184, -46.4461
138.188, -46.4406
138.192, -46.436
138.196, -46.432
138.2, -46.5289
138.204, -46.5993
138.208, -46.6332
138.212, -46.675
138.216, -46.6636
138.22, -46.6445
138.224, -46.6376
138.228, -46.6438
138.232, -46.6827
138.236, -46.6794
138.24, -46.6766
138.244, -46.6742
138.248, -46.6721
138.252, -46.6861
138.256, -46.6823
138.26, -46.679
138.264, -46.6911
138.268, -46.6866
138.272, -46.6734
138.276, -46.6436
138.28, -46.6182
138.284, -46.5966
138.288, -46.5782
138.292, -46.5624
138.296, -46.5305
138.3, -46.5126
138.304, -46.5065
138.308, -46.5014
138.312, -46.4785
138.316, -46.4682
138.32, -46.4595
138.324, -46.452
138.328, -46.4457
138.332, -46.4529
138.336, -46.4925
138.34, -46.5213
138.344, -46.4861
138.348, -46.4376
138.352, -46.3962
138.356, -46.361
138.36, -46.3403
138.364, -46.3319
138.368, -46.3247
138.372, -46.3306
138.376, -46.3144
138.38, -46.3005
138.384, -46.298
138.388, -46.2866
138.392, -46.2676
138.396, -46.2719
138.4, -46.2923
138.404, -46.3243
138.408, -46.3475
138.412, -46.502
138.416, -46.6141
138.42, -46.6956
138.424, -46.7719
138.428, -46.8273
138.432, -46.7933
138.436, -46.7644
138.44, -46.7304
138.444, -46.7015
138.448, -46.6769
138.452, -46.6559
138.456, -46.6194
138.46, -46.6306
138.464, -46.6387
138.468, -46.6619
138.472, -46.6786
138.476, -46.6759
138.48, -46.6736
138.484, -46.6872
138.488, -46.7142
138.492, -46.7063
138.496, -46.6902
138.5, -46.6765
138.504, -46.6648
138.508, -46.6642
138.512, -46.6636
138.516, -46.6799
138.52, -46.677
138.524, -46.656
138.528, -46.6381
138.532, -46.6042
138.536, -46.5939
138.54, -46.6293
138.544, -46.655
138.548, -46.6372
138.552, -46.6035
138.556, -46.5841
138.56, -46.5768
138.564, -46.5705
138.568, -46.5652
138.572, -46.5607
138.576, -46.5569
138.58, -46.5443
138.584, -46.5336
138.588, -46.5152
138.592, -46.4995
138.596, -46.4861
138.6, -46.4748
138.604, -46.4372
138.608, -46.4052
138.612, -46.3872
138.616, -46.3718
138.62, -46.3992
138.624, -46.4191
138.628, -46.4177
138.632, -46.4164
138.636, -46.406
138.64, -46.4069
138.644, -46.4419
138.648, -46.4501
138.652, -46.4733
138.656, -46.4901
138.66, -46.4874
138.664, -46.4851
138.668, -46.4832
138.672, -46.4629
138.676, -46.4654
138.68, -46.4672
138.684, -46.4586
138.688, -46.442
138.692, -46.4186
138.696, -46.38
138.7, -46.3472
138.704, -46.3285
138.708, -46.3505
138.712, -46.3666
138.716, -46.3357
138.72, -46.3094
138.724, -46.287
138.728, -46.3033
138.732, -46.315
138.736, -46.3104
138.74, -46.2507
138.744, -46.2184
138.748, -46.2002
138.752, -46.1846
138.756, -46.1714
138.76, -46.1694
138.764, -46.1834
138.768, -46.2109
138.772, -46.2308
138.776, -46.2452
138.78, -46.2557
138.784, -46.2134
138.788, -46.1773
138.792, -46.1466
138.796, -46.1018
138.8, -46.0637
138.804, -46.0312
138.808, -46.1003
138.812, -46.0903
138.816, -46.0916
138.82, -46.0926
138.824, -46.0933
138.828, -46.0842
138.832, -46.0872
138.836, -46.0894
138.84, -46.0809
138.844, -46.1364
138.848, -46.1767
138.852, -46.2059
138.856, -46.21
138.86, -46.2129
138.864, -46.215
138.868, -46.1973
138.872, -46.1636
138.876, -46.1349
138.88, -46.1104
138.884, -46.0896
138.888, -46.1083
138.892, -46.1218
138.896, -46.1489
138.9, -46.1686
138.904, -46.167
138.908, -46.1656
138.912, -46.1807
138.916, -46.1917
138.92, -46.1996
138.924, -46.2226
138.928, -46.2564
138.932, -46.2982
138.936, -46.3286
138.94, -46.3507
138.944, -46.3407
138.948, -46.2951
138.952, -46.2563
138.956, -46.2231
138.96, -46.1856
138.964, -46.1444
138.968, -46.1093
138.972, -46.0793
138.976, -46.0631
138.98, -46.0492
138.984, -46.2166
138.988, -46.3553
138.992, -46.3701
138.996, -46.3294
139, -46.2855
139.004, -46.248
139.008, -46.2254
139.012, -46.2155
139.016, -46.2069
139.02, -46.1997
139.024, -46.1749
139.028, -46.1538
139.032, -46.0987
139.036, -46.2181
139.04, -46.3048
139.044, -46.4538
139.048, -46.5447
139.052, -46.6108
139.056, -46.6587
139.06, -46.6935
139.064, -46.736
139.068, -46.7497
139.072, -46.7458
139.076, -46.7424
139.08, -46.7396
139.084, -46.7371
139.088, -46.7505
139.092, -46.7774
139.096, -46.7797
139.1, -46.7814
139.104, -46.7826
139.108, -46.7835
139.112, -47.0937
139.116, -47.319
139.12, -47.4826
139.124, -47.6185
139.128, -47.7001
139.132, -47.7765
139.136, -47.832
139.14, -47.855
139.144, -47.8455
139.148, -47.6981
139.152, -47.5632
139.156, -47.4668
139.16, -47.3847
139.164, -47.3148
139.168, -47.2459
139.172, -47.1779
139.176, -47.1199
139.18, -47.0705
139.184, -47.0377
139.188, -47.0005
139.192, -46.8852
139.196, -46.852
139.2, -46.8329
139.204, -46.8372
139.208, -46.8404
139.212, -46.8427
139.216, -46.8064
139.22, -46.7848
139.224, -46.7664
139.228, -46.76
139.232, -46.7671
139.236, -46.7513
139.24, -46.7471
139.244, -46.7064
139.248, -46.6625
139.252, -46.6157
139.256, -46.5852
139.26, -46.5777
139.264, -46.5621
139.268, -46.5487
139.272, -46.5281
139.276, -46.5198
139.28, -46.5239
139.284, -46.5268
139.288, -46.5462
139.292, -46.5445
139.296, -46.5337
139.3, -46.534
139.304, -46.5342
139.308, -46.5515
139.312, -46.5813
139.316, -46.6201
139.32, -46.7687
139.324, -46.7906
139.328, -46.8065
139.332, -46.8181
139.336, -46.8264
139.34, -46.8497
139.344, -46.8666
139.348, -46.8789
139.352, -46.8878
139.356, -46.882
139.36, -46.8678
139.364, -46.8557
139.368, -46.8175
139.372, -46.785
139.376, -46.7573
139.38, -46.7337
139.384, -46.7228
139.388, -46.7136
139.392, -46.7057
139.396, -46.699
139.4, -46.684
139.404, -46.6805
139.408, -46.6922
139.412, -46.735
139.416, -46.7662
139.42, -46.7716
139.424, -46.8099
139.428, -46.8549
139.432, -46.8876
139.436, -46.9286
139.44, -46.9411
139.444, -46.9274
139.448, -46.9065
139.452, -46.8887
139.456, -46.8642
139.46, -46.8433
139.464, -46.8256
139.468, -46.8104
139.472, -46.7418
139.476, -46.674
139.48, -46.4863
139.484, -46.3727
139.488, -46.2853
139.492, -46.2107
139.496, -46.1843
139.5, -46.1433
139.504, -46.1176
139.508, -46.105
139.512, -46.0756
139.516, -46.06
139.52, -46.0559
139.524, -46.0666
139.528, -46.1604
139.532, -46.2457
139.536, -46.242
139.54, -46.2296
139.544, -46.2283
139.548, -46.2179
139.552, -46.1997
139.556, -46.175
139.56, -46.1446
139.564, -46.1654
139.568, -46.155
139.572, -46.1369
139.576, -46.0936
139.58, -46.0567
139.584, -46.0345
139.588, -46.0156
139.592, -45.9902
139.596, -45.95
139.6, -45.9065
139.604, -45.8879
139.608, -45.8629
139.612, -45.8415
139.616, -45.8233
139.62, -45.8078
139.624, -45.8038
139.628, -45.8148
139.632, -45.8228
139.636, -46.0006
139.64, -46.1468
139.644, -46.2531
139.648, -46.3474
139.652, -46.3815
139.656, -46.4235
139.66, -46.454
139.664, -46.4589
139.668, -46.4515
139.672, -46.436
139.676, -46.432
139.68, -46.4193
139.684, -46.3993
139.688, -46.3822
139.692, -46.3769
139.696, -46.3631
139.7, -46.3513
139.704, -46.3506
139.708, -46.3499
139.712, -46.3215
139.716, -46.2788
139.72, -46.2702
139.724, -46.2738
139.728, -46.2765
139.732, -46.2404
139.736, -46.2189
139.74, -46.2099
139.744, -46.2129
139.748, -46.215
139.752, -46.2166
139.756, -46.3037
139.76, -46.453
139.764, -46.5613
139.768, -46.6229
139.772, -46.6675
139.776, -46.6665
139.78, -46.6656
139.784, -46.6555
139.788, -46.6469
139.792, -46.621
139.796, -46.5897
139.8, -46.563
139.804, -46.531
139.808, -46.5037
139.812, -46.4897
139.816, -46.4685
139.82, -46.4411
139.824, -46.4271
139.828, -46.4152
139.832, -46.3957
139.836, -46.3791
139.84, -46.3873
139.844, -46.3933
139.848, -46.3864
139.852, -46.3926
139.856, -46.3858
139.86, -46.461
139.864, -46.5156
139.868, -46.5552
139.872, -46.5668
139.876, -46.5752
139.88, -46.5985
139.884, -46.6326
139.888, -46.6402
139.892, -46.6339
139.896, -46.6192
139.9, -46.8885
139.904, -46.799
139.908, -46.7228
139.912, -46.7135
139.916, -46.7057
139.92, -46.699
139.924, -46.7572
139.928, -46.851
139.932, -46.9192
139.936, -46.9515
139.94, -46.9749
139.944, -46.992
139.948, -46.9893
139.952, -46.9871
139.956, -46.9759
139.96, -46.9571
139.964, -46.9504
139.968, -46.9569
139.972, -46.9502
139.976, -46.9445
139.98, -46.8746
139.984, -46.8151
139.988, -46.755
139.992, -46.6946
139.996, -46.6431
140, -46.6178
140.004, -46.5962
140.008, -46.5871
140.012, -46.5701
140.016, -46.5463
140.02, -46.526
140.024, -46.4994
140.028, -46.4768
140.032, -46.4668
140.036, -46.4682
140.04, -46.4692
140.044, -46.47
140.048, -46.461
140.052, -46.5156
140.056, -46.5552
140.06, -46.5668
140.064, -46.5924
140.068, -46.611
140.072, -46.6245
140.076, -46.6205
140.08, -46.6171
140.084, -46.6633
140.088, -46.5886
140.092, -46.5156
140.096, -46.4534
140.1, -46.4005
140.104, -46.346
140.108, -46.2996
140.112, -46.2787
140.116, -46.2701
140.12, -46.2738
140.124, -46.2936
140.128, -46.2643
140.132, -46.2393
140.136, -46.2365
140.14, -46.2494
140.144, -46.2759
140.148, -46.2585
140.152, -46.2436
140.156, -46.2402
140.16, -46.228
140.164, -46.2177
140.168, -46.1995
140.172, -46.1934
140.176, -46.1881
140.18, -46.1651
140.184, -46.1455
140.188, -46.1009
140.192, -46.0629
140.196, -46.0398
140.2, -46.0201
140.204, -46.0033
140.208, -45.9797
140.212, -46.1489
140.216, -46.2717
140.22, -46.3781
140.224, -46.3084
140.228, -46.2397
140.232, -46.1905
140.236, -46.1578
140.24, -46.1392
140.244, -46.1234
140.248, -46.1193
140.252, -46.1298
140.256, -46.1547
140.26, -46.1556
140.264, -46.1562
140.268, -46.1739
140.272, -46.1867
140.276, -46.196
140.28, -46.1625
140.284, -46.1433
140.288, -46.1269
140.292, -46.1036
140.296, -46.0745
140.3, -46.0404
140.304, -46.0113
140.308, -45.9866
140.312, -45.9655
140.316, -45.9568
140.32, -45.9122
140.324, -45.8743
140.328, -45.8326
140.332, -45.7972
140.336, -45.7762
140.34, -45.7677
140.344, -45.7885
140.348, -45.8037
140.352, -45.8004
140.356, -45.8123
140.36, -45.8382
140.364, -45.8569
140.368, -45.8706
140.372, -46.1728
140.376, -46.3579
140.38, -46.4923
140.384, -46.5899
140.388, -46.6092
140.392, -46.5517
140.396, -46.4656
140.4, -46.3923
140.404, -46.3298
140.408, -46.2765
140.412, -46.2125
140.416, -46.1487
140.42, -46.0944
140.424, -46.0481
140.428, -46.1126
140.432, -46.2282
140.436, -46.3121
140.44, -46.3903
140.444, -46.4642
140.448, -46.5179
140.452, -46.5741
140.456, -46.6493
140.46, -46.7383
140.464, -46.8373
140.468, -46.9093
140.472, -46.9787
140.476, -47.0119
140.48, -47.036
140.484, -47.0535
140.488, -47.0834
140.492, -47.0766
140.496, -46.9779
140.5, -46.8752
140.504, -46.732
140.508, -46.6285
140.512, -46.5218
140.516, -46.4216
140.52, -46.3547
140.524, -46.2792
140.528, -46.1684
140.532, -46.0926
140.536, -46.0651
140.54, -46.0602
140.544, -46.087
140.548, -46.1408
140.552, -46.134
140.556, -46.1578
140.56, -46.1922
140.564, -46.2516
140.568, -46.2947
140.572, -46.326
140.576, -46.3197
140.58, -46.3144
140.584, -46.3231
140.588, -46.3295
140.592, -46.3341
140.596, -46.308
140.6, -46.2765
140.604, -46.2311
140.608, -46.1832
140.612, -46.133
140.616, -46.081
140.62, -46.0181
140.624, -45.9738
140.628, -46.0414
140.632, -46.0561
140.636, -46.0526
140.64, -46.0814
140.644, -46.1024
140.648, -46.1013
140.652, -46.134
140.656, -46.1405
140.66, -46.1625
140.664, -46.1618
140.668, -46.1612
140.672, -46.1947
140.676, -46.2878
140.68, -46.3726
140.684, -46.4686
140.688, -46.5039
140.692, -46.5124
140.696, -46.5064
140.7, -46.5141
140.704, -46.4986
140.708, -46.4761
140.712, -46.4383
140.716, -46.4062
140.72, -46.3787
140.724, -46.3461
140.728, -46.3368
140.732, -46.3104
140.736, -46.2878
140.74, -46.2593
140.744, -46.235
140.748, -46.2144
140.752, -46.1782
140.756, -46.1473
140.76, -46.1303
140.764, -46.1251
140.768, -46.1114
140.772, -46.1241
140.776, -46.1505
140.78, -46.187
140.784, -46.2134
140.788, -46.2154
140.792, -46.2168
140.796, -46.2179
140.8, -46.2358
140.804, -46.2661
140.808, -46.2881
140.812, -46.2781
140.816, -46.2603
140.82, -46.2359
140.824, -46.1965
140.828, -46.1537
140.832, -46.145
140.836, -46.1376
140.84, -46.1313
140.844, -46.259
140.848, -46.2255
140.852, -46.1969
140.856, -46.1726
140.86, -46.3406
140.864, -46.4625
140.868, -46.5511
140.872, -46.6154
140.876, -46.5663
140.88, -46.5245
140.884, -46.4888
140.888, -46.5358
140.892, -46.5871
140.896, -46.6243
140.9, -46.6514
140.904, -46.671
140.908, -46.6853
140.912, -46.6816
140.916, -46.6784
140.92, -46.6665
140.924, -46.6563
140.928, -46.6383
140.932, -46.6443
140.936, -46.6659
140.94, -46.6988
140.944, -46.7054
140.948, -46.6895
140.952, -46.6573
140.956, -46.6392
140.96, -46.633
140.964, -46.5813
140.968, -46.5373
140.972, -46.4905
140.976, -46.4413
140.98, -46.4841
140.984, -46.5152
140.988, -46.5721
140.992, -46.6135
140.996, -46.6263
141, -46.6356
141.004, -46.6596
141.008, -46.6942
141.012, -46.7021
141.016, -46.7079
141.02, -46.7009
141.024, -46.6577
141.028, -46.621
141.032, -46.5803
141.036, -46.5457
141.04, -46.5163
141.044, -46.5004
141.048, -46.4869
141.052, -46.4847
141.056, -46.5844
141.06, -46.6568
141.064, -46.675
141.068, -46.6881
141.072, -46.6977
141.076, -46.7047
141.08, -46.7097
141.084, -46.6838
141.088, -46.6525
141.092, -46.6165
141.096, -46.5858
141.1, -46.569
141.104, -46.4896
141.108, -46.422
141.112, -46.3551
141.116, -46.3074
141.12, -46.2667
141.124, -46.2321
141.128, -46.2025
141.132, -46.1588
141.136, -46.1215
141.14, -46.0898
141.144, -46.072
141.148, -46.0568
141.152, -46.0532
141.156, -46.0501
141.16, -46.0624
141.164, -46.0714
141.168, -46.0779
141.172, -46.117
141.176, -46.1626
141.18, -46.1957
141.184, -46.1809
141.188, -46.1496
141.192, -46.123
141.196, -46.1003
141.2, -46.081
141.204, -46.0552
141.208, -46.024
141.212, -45.9881
141.216, -45.9575
141.22, -45.9221
141.224, -45.892
141.228, -45.8663
141.232, -45.8537
141.236, -45.843
141.24, -45.8338
141.244, -45.826
141.248, -45.8194
141.252, -45.8044
141.256, -45.8496
141.26, -45.8395
141.264, -45.8407
141.268, -45.8319
141.272, -45.8244
141.276, -45.818
141.28, -45.8125
141.284, -45.9931
141.288, -46.1758
141.292, -46.2741
141.296, -46.3454
141.3, -46.3801
141.304, -46.388
141.308, -46.3938
141.312, -46.3867
141.316, -46.3715
141.32, -46.3492
141.324, -46.3209
141.328, -46.2782
141.332, -46.2326
141.336, -46.203
141.34, -46.187
141.344, -46.1641
141.348, -46.1446
141.352, -46.1373
141.356, -46.1311
141.36, -46.1258
141.364, -46.1346
141.368, -46.1409
141.372, -46.18
141.376, -46.2083
141.38, -46.2977
141.384, -46.311
141.388, -46.3207
141.392, -46.3277
141.396, -46.3211
141.4, -46.414
141.404, -46.4299
141.408, -46.4414
141.412, -46.4366
141.416, -46.4232
141.42, -46.4026
141.424, -46.385
141.428, -46.3328
141.432, -46.2884
141.436, -46.2319
141.44, -46.2024
141.444, -46.1866
141.448, -46.1359
141.452, -46.0927
141.456, -46.0652
141.46, -46.0511
141.464, -46.1491
141.468, -46.2203
141.472, -46.272
141.476, -46.3267
141.48, -46.3837
141.484, -46.425
141.488, -46.4895
141.492, -46.5363
141.496, -46.553
141.5, -46.5503
141.504, -46.5294
141.508, -46.5209
141.512, -46.4951
141.516, -46.4731
141.52, -46.4358
141.524, -46.404
141.528, -46.3676
141.532, -46.3273
141.536, -46.293
141.54, -46.273
141.544, -46.2759
141.548, -46.278
141.552, -46.2695
141.556, -46.2623
141.56, -46.2376
141.564, -46.2351
141.568, -46.2483
141.572, -46.235
141.576, -46.2329
141.58, -46.2125
141.584, -46.1858
141.588, -46.1724
141.592, -46.1703
141.596, -46.1684
141.6, -46.1999
141.604, -46.2228
141.608, -46.2566
141.612, -46.2812
141.616, -46.2537
141.62, -46.2302
141.624, -46.2195
141.628, -46.2104
141.632, -46.1934
141.636, -46.2181
141.64, -46.236
141.644, -46.249
141.648, -46.2448
141.652, -46.1855
141.656, -46.135
141.66, -46.092
141.664, -46.0553
141.668, -46.0333
141.672, -46.0146
141.676, -45.9987
141.68, -46.1283
141.684, -46.1234
141.688, -46.1099
141.692, -46.0427
141.696, -46.0226
141.7, -46.0147
141.704, -46.0195
141.708, -46.0402
141.712, -46.0298
141.716, -46.0209
141.72, -46.004
141.724, -45.9896
141.728, -45.9588
141.732, -45.9418
141.736, -45.9273
141.74, -45.9057
141.744, -45.8966
141.748, -45.8888
141.752, -45.8937
141.756, -45.8972
141.76, -45.917
141.764, -45.9314
141.768, -45.9277
141.772, -45.9246
141.776, -45.9127
141.78, -45.9026
141.784, -45.9037
141.788, -45.9045
141.792, -45.8956
141.796, -45.8879
141.8, -45.8814
141.804, -45.8883
141.808, -45.9106
141.812, -45.9611
141.816, -45.9978
141.82, -46.0417
141.824, -46.0403
141.828, -46.0553
141.832, -46.0834
141.836, -46.0866
141.84, -46.089
141.844, -46.0806
141.848, -46.0734
141.852, -46.0581
141.856, -46.0543
141.86, -46.051
141.864, -46.0631
141.868, -46.0719
141.872, -46.0954
141.876, -46.0954
141.88, -46.1469
141.884, -46.1843
141.888, -46.2115
141.892, -46.2312
141.896, -46.2455
141.9, -46.2326
141.904, -46.2123
141.908, -46.1764
141.912, -46.1458
141.916, -46.1197
141.92, -46.1161
141.924, -46.113
141.928, -46.2972
141.932, -46.4655
141.936, -46.5876
141.94, -46.6763
141.944, -46.7064
141.948, -46.7454
141.952, -46.7565
141.956, -46.7989
141.96, -46.797
141.964, -46.7861
141.968, -46.7768
141.972, -46.7688
141.976, -46.762
141.98, -46.7192
141.984, -46.6547
141.988, -46.5906
141.992, -46.5452
141.996, -46.5065
142, -46.4735
142.004, -46.4269
142.008, -46.3964
142.012, -46.3797
142.016, -46.3376
142.02, -46.3111
142.024, -46.2977
142.028, -46.2863
142.032, -46.2302
142.036, -46.1824
142.04, -46.1509
142.044, -46.1334
142.048, -46.1184
142.052, -46.0871
142.056, -46.0605
142.06, -46.0099
142.064, -45.9668
142.068, -45.9115
142.072, -45.8458
142.076, -45.7898
142.08, -45.7328
142.084, -45.6749
142.088, -45.6163
142.092, -45.5664
142.096, -45.5239
142.1, -45.4783
142.104, -45.3838
142.108, -45.3126
142.112, -45.2611
142.116, -45.2173
142.12, -45.1243
142.124, -45.045
142.128, -44.9867
142.132, -44.9463
142.136, -44.8654
142.14, -44.8058
142.144, -44.755
142.148, -44.7025
142.152, -44.6391
142.156, -44.5944
142.16, -44.5563
142.164, -44.5238
142.168, -44.4962
142.172, -44.4726
142.176, -44.4525
142.18, -44.4261
142.184, -44.3943
142.188, -44.3672
142.192, -44.3534
142.196, -44.366
142.2, -44.3617
142.204, -44.3487
142.208, -44.3284
142.212, -44.3203
142.216, -44.3248
142.22, -44.3281
142.224, -44.3015
142.228, -44.2789
142.232, -44.2596
142.236, -44.2338
142.24, -44.2026
142.244, -44.176
142.248, -44.1441
142.252, -44.0983
142.256, -44.0592
142.26, -44.0445
142.264, -44.032
142.268, -44.0467
142.272, -44.0431
142.276, -44.0308
142.28, -44.0203
142.284, -44.0021
142.288, -43.9866
142.292, -43.9734
142.296, -43.9869
142.3, -44.0311
142.304, -44.046
142.308, -44.074
142.312, -44.0772
142.316, -44.0691
142.32, -44.0736
142.324, -44.0769
142.328, -44.0689
142.332, -44.0734
142.336, -44.0939
142.34, -44.0834
142.344, -44.0744
142.348, -44.0947
142.352, -44.1093
142.356, -44.1372
142.36, -44.1402
142.364, -44.1424
142.368, -44.144
142.372, -44.1452
142.376, -44.1804
142.38, -44.206
142.384, -44.2418
142.388, -44.2678
142.392, -44.2695
142.396, -44.2707
142.4, -44.2887
142.404, -44.2865
142.408, -44.2661
142.412, -44.2487
142.416, -44.2431
142.42, -44.2384
142.424, -44.2344
142.428, -44.2216
142.432, -44.2108
142.436, -44.2109
142.44, -44.2281
142.444, -44.2922
142.448, -44.3388
142.452, -44.3726
142.456, -44.4144
142.46, -44.4447
142.464, -44.4667
142.468, -44.4999
142.472, -44.524
142.476, -44.5587
142.48, -44.6355
142.484, -44.6568
142.488, -44.6281
142.492, -44.6035
142.496, -44.5734
142.5, -44.5477
142.504, -44.5351
142.508, -44.5243
142.512, -44.5059
142.516, -44.4808
142.52, -44.4688
142.524, -44.4678
142.528, -44.467
142.532, -44.4829
142.536, -44.5977
142.54, -44.681
142.544, -44.6899
142.548, -44.6841
142.552, -44.6921
142.556, -44.698
142.56, -44.7022
142.564, -44.6946
142.568, -44.6602
142.572, -44.631
142.576, -44.6153
142.58, -44.6113
142.584, -44.5985
142.588, -44.5876
142.592, -44.5784
142.596, -44.581
142.6, -44.5829
142.604, -44.6014
142.608, -44.6321
142.612, -44.6544
142.616, -44.6539
142.62, -44.7218
142.624, -44.7883
142.628, -44.8538
142.632, -45.0046
142.636, -45.0281
142.64, -45.028
142.644, -45.0279
142.648, -45.0278
142.652, -45.0449
142.656, -45.0573
142.66, -45.0664
142.664, -45.0729
142.668, -45.0777
142.672, -45.061
142.676, -45.0467
142.68, -45.0439
142.684, -45.0566
142.688, -45.083
142.692, -45.085
142.696, -45.0864
142.7, -45.0777
142.704, -45.0703
142.708, -45.064
142.712, -45.0493
142.716, -45.0368
142.72, -45.0261
142.724, -45.0077
142.728, -44.9921
142.732, -44.9788
142.736, -44.9674
142.74, -44.9484
142.744, -44.9322
142.748, -44.9092
142.752, -44.8988
142.756, -44.89
142.76, -44.8824
142.764, -44.876
142.768, -44.8613
142.772, -44.8394
142.776, -44.8115
142.78, -44.797
142.784, -44.794
142.788, -44.7728
142.792, -44.7362
142.796, -44.6864
142.8, -44.6533
142.804, -44.625
142.808, -44.601
142.812, -44.5712
142.816, -44.5458
142.82, -44.5573
142.824, -44.5829
142.828, -44.6187
142.832, -44.5956
142.836, -44.5666
142.84, -44.5512
142.844, -44.538
142.848, -44.5268
142.852, -44.4987
142.856, -44.4748
142.86, -44.4544
142.864, -44.4462
142.868, -44.43
142.872, -44.407
142.876, -44.378
142.88, -44.3533
142.884, -44.3416
142.888, -44.3409
142.892, -44.331
142.896, -44.3225
142.9, -44.3061
142.904, -44.292
142.908, -44.2893
142.912, -44.2871
142.916, -44.2758
142.92, -44.2663
142.924, -44.2684
142.928, -44.2699
142.932, -44.2426
142.936, -44.2194
142.94, -44.2089
142.944, -44.1999
142.948, -44.183
142.952, -44.1593
142.956, -44.1391
142.96, -44.1219
142.964, -44.098
142.968, -44.0776
142.972, -44.0602
142.976, -44.0361
142.98, -44.0062
142.984, -43.9994
142.988, -43.9936
142.992, -43.9607
142.996, -43.9235
143, -43.8824
143.004, -43.8567
143.008, -43.8349
143.012, -43.8255
143.016, -43.8175
143.02, -43.8014
143.024, -43.7784
143.028, -43.7588
143.032, -43.7623
143.036, -43.7648
143.04, -43.7472
143.044, -43.7415
143.048, -43.7497
143.052, -43.7729
143.056, -43.7727
143.06, -43.754
143.064, -43.738
143.068, -43.7337
143.072, -43.73
143.076, -43.7268
143.08, -43.7241
143.084, -43.7218
143.088, -43.7106
143.092, -43.6918
143.096, -43.685
143.1, -43.6792
143.104, -43.6743
143.108, -43.6515
143.112, -43.6228
143.116, -43.6077
143.12, -43.604
143.124, -43.6009
143.128, -43.589
143.132, -43.5603
143.136, -43.5358
143.14, -43.5242
143.144, -43.5051
143.148, -43.4888
143.152, -43.4841
143.156, -43.4802
143.16, -43.4768
143.164, -43.4647
143.168, -43.4543
143.172, -43.4724
143.176, -43.4855
143.18, -43.4814
143.184, -43.5092
143.188, -43.5466
143.192, -43.591
143.196, -43.606
143.2, -43.6027
143.204, -43.5719
143.208, -43.555
143.212, -43.5499
143.216, -43.5455
143.22, -43.5232
143.224, -43.5042
143.228, -43.488
143.232, -43.4742
143.236, -43.4439
143.24, -43.4088
143.244, -43.3696
143.248, -43.3361
143.252, -43.3169
143.256, -43.3006
143.26, -43.2866
143.264, -43.2748
143.268, -43.2553
143.272, -43.2295
143.276, -43.2075
143.28, -43.1981
143.284, -43.19
143.288, -43.1738
143.292, -43.1601
143.296, -43.1576
143.3, -43.1463
143.304, -43.1366
143.308, -43.1283
143.312, -43.1325
143.316, -43.1248
143.32, -43.109
143.324, -43.1048
143.328, -43.1326
143.332, -43.1356
143.336, -43.1275
143.34, -43.1113
143.344, -43.1068
143.348, -43.1168
143.352, -43.1929
143.356, -43.231
143.36, -43.2414
143.364, -43.249
143.368, -43.2427
143.372, -43.2095
143.376, -43.1905
143.38, -43.1742
143.384, -43.1604
143.388, -43.1486
143.392, -43.1293
143.396, -43.1128
143.4, -43.0988
143.404, -43.0961
143.408, -43.1091
143.412, -43.1529
143.416, -43.202
143.42, -43.2376
143.424, -43.2462
143.428, -43.2525
143.432, -43.2457
143.436, -43.2399
143.44, -43.2479
143.444, -43.2537
143.448, -43.2751
143.452, -43.2907
143.456, -43.302
143.46, -43.3102
143.464, -43.3041
143.468, -43.2989
143.472, -43.276
143.476, -43.2471
143.48, -43.2132
143.484, -43.1751
143.488, -43.1332
143.492, -43.1069
143.496, -43.0938
143.5, -43.0733
143.504, -43.0465
143.508, -43.0237
143.512, -43.0136
143.516, -43.0049
143.52, -43.0085
143.524, -43.0111
143.528, -43.013
143.532, -43.0487
143.536, -43.0747
143.54, -43.0936
143.544, -43.0824
143.548, -43.0821
143.552, -43.0727
143.556, -43.0646
143.56, -43.0577
143.564, -43.0518
143.568, -43.0375
143.572, -43.0068
143.576, -42.9713
143.58, -42.941
143.584, -42.9152
143.588, -42.9026
143.592, -42.8918
143.596, -42.8826
143.6, -42.8747
143.604, -42.8495
143.608, -42.828
143.612, -42.8189
143.616, -42.8112
143.62, -42.8046
143.624, -42.8114
143.628, -42.8048
143.632, -42.8116
143.636, -42.8165
143.64, -42.8201
143.644, -42.8227
143.648, -42.8246
143.652, -42.8431
143.656, -42.8411
143.66, -42.8301
143.664, -42.8115
143.668, -42.7956
143.672, -42.782
143.676, -42.7612
143.68, -42.7434
143.684, -42.7376
143.688, -42.7456
143.692, -42.7514
143.696, -42.7258
143.7, -42.6854
143.704, -42.6417
143.708, -42.6138
143.712, -42.5899
143.716, -42.5697
143.72, -42.5617
143.724, -42.5548
143.728, -42.549
143.732, -42.5441
143.736, -42.5534
143.74, -42.5293
143.744, -42.5179
143.748, -42.5176
143.752, -42.5342
143.756, -42.5463
143.76, -42.5551
143.764, -42.5399
143.768, -42.5177
143.772, -42.5081
143.776, -42.4999
143.78, -42.5042
143.784, -42.5245
143.788, -42.5139
143.792, -42.5048
143.796, -42.5077
143.8, -42.5099
143.804, -42.5014
143.808, -42.4942
143.812, -42.4881
143.816, -42.4956
143.82, -42.4892
143.824, -42.4653
143.828, -42.4448
143.832, -42.4274
143.836, -42.4033
143.84, -42.3828
143.844, -42.356
143.848, -42.3331
143.852, -42.3487
143.856, -42.3943
143.86, -42.4103
143.864, -42.4073
143.868, -42.4047
143.872, -42.4351
143.876, -42.4571
143.88, -42.4379
143.884, -42.4122
143.888, -42.3903
143.892, -42.3903
143.896, -42.3902
143.9, -42.3809
143.904, -42.3636
143.908, -42.3489
143.912, -42.3602
143.916, -42.3683
143.92, -42.3914
143.924, -42.3912
143.928, -42.391
143.932, -42.3909
143.936, -42.3907
143.94, -42.4077
143.944, -42.4372
143.948, -42.4414
143.952, -42.4445
143.956, -42.4811
143.96, -42.5078
143.964, -42.5443
143.968, -42.588
143.972, -42.6197
143.976, -42.66
143.98, -42.6572
143.984, -42.6455
143.988, -42.6263
143.992, -42.6099
143.996, -42.5867
144, -42.5854
144.004, -42.5844
144.008, -42.5835
144.012, -42.5993
144.016, -42.6279
144.02, -42.6487
144.024, -42.6476
144.028, -42.6466
144.032, -42.6623
144.036, -42.6592
144.04, -42.6565
144.044, -42.6695
144.048, -42.7305
144.052, -42.7576
144.056, -42.7601
144.06, -42.7619
144.064, -42.7632
144.068, -42.7641
144.072, -42.8164
144.076, -42.8716
144.08, -42.8944
144.084, -42.8941
144.088, -42.8939
144.092, -42.9106
144.096, -42.9079
144.1, -42.8963
144.104, -42.8679
144.108, -42.8529
144.112, -42.8637
144.116, -42.8715
144.12, -42.8772
144.124, -42.8814
144.128, -42.8843
144.132, -42.9037
144.136, -42.935
144.14, -42.9577
144.144, -42.9742
144.148, -42.9861
144.152, -42.9948
144.156, -43.0184
144.16, -43.0526
144.164, -43.1463
144.168, -43.2143
144.172, -43.2637
144.176, -43.2652
144.18, -43.2472
144.184, -43.2319
144.188, -43.2188
144.192, -43.267
144.196, -43.2847
144.2, -43.2824
144.204, -43.2526
144.208, -43.2364
144.212, -43.232
144.216, -43.2421
144.22, -43.2368
144.224, -43.2323
144.228, -43.2285
144.232, -43.2252
144.236, -43.2372
144.24, -43.2459
144.244, -43.2523
144.248, -43.2455
144.252, -43.2397
144.256, -43.2347
144.26, -43.2441
144.264, -43.2509
144.268, -43.2903
144.272, -43.3361
144.276, -43.3262
144.28, -43.3277
144.284, -43.3289
144.288, -43.3469
144.292, -43.3447
144.296, -43.3584
144.3, -43.3855
144.304, -43.388
144.308, -43.3898
144.312, -43.3911
144.316, -43.4093
144.32, -43.4397
144.324, -43.4446
144.328, -43.4481
144.332, -43.4679
144.336, -43.4823
144.34, -43.5099
144.344, -43.5299
144.348, -43.5192
144.352, -43.5101
144.356, -43.5129
144.36, -43.5149
144.364, -43.5336
144.368, -43.5316
144.372, -43.5457
144.376, -43.5731
144.38, -43.5931
144.384, -43.6075
144.388, -43.6352
144.392, -43.6726
144.396, -43.6997
144.4, -43.7537
144.404, -43.793
144.408, -43.8043
144.412, -43.8125
144.416, -43.8185
144.42, -43.8228
144.424, -43.8152
144.428, -43.8088
144.432, -43.8033
144.436, -43.7893
144.44, -43.7774
144.444, -43.7579
144.448, -43.7321
144.452, -43.7193
144.456, -43.7508
144.46, -43.7446
144.464, -43.73
144.468, -43.7269
144.472, -43.7391
144.476, -43.7652
144.48, -43.7841
144.484, -43.773
144.488, -43.7635
144.492, -43.7554
144.496, -43.7598
144.5, -43.7522
144.504, -43.7458
144.508, -43.7403
144.512, -43.7357
144.516, -43.7317
144.52, -43.7283
144.524, -43.7573
144.528, -43.7956
144.532, -43.8234
144.536, -43.8436
144.54, -43.833
144.544, -43.8239
144.548, -43.8161
144.552, -43.8211
144.556, -43.8247
144.56, -43.8273
144.564, -43.8191
144.568, -43.8121
144.572, -43.8354
144.576, -43.8523
144.58, -43.8645
144.584, -43.8907
144.588, -43.8924
144.592, -43.8937
144.596, -43.8946
144.6, -43.8953
144.604, -43.8958
144.608, -43.9134
144.612, -43.9433
144.616, -43.9651
144.62, -43.9643
144.624, -43.9451
144.628, -43.9287
144.632, -43.9241
144.636, -43.9339
144.64, -43.9285
144.644, -43.9145
144.648, -43.8934
144.652, -43.8754
144.656, -43.86
144.66, -43.8562
144.664, -43.853
144.668, -43.8823
144.672, -43.9207
144.676, -43.9659
144.68, -43.9986
144.684, -44.0396
144.688, -44.0694
144.692, -44.1254
144.696, -44.1489
144.7, -44.1488
144.704, -44.1487
144.708, -44.1487
144.712, -44.1486
144.716, -44.1486
144.72, -44.1485
144.724, -44.1299
144.728, -44.1141
144.732, -44.0913
144.736, -44.0719
144.74, -44.0461
144.744, -44.0241
144.748, -44.0053
144.752, -43.9986
144.756, -43.9836
144.76, -43.9943
144.764, -44.0021
144.768, -43.9959
144.772, -43.9906
144.776, -43.986
144.78, -43.9961
144.784, -44.0034
144.788, -44.0087
144.792, -44.0125
144.796, -44.0497
144.8, -44.0767
144.804, -44.0687
144.808, -44.0619
144.812, -44.0561
144.816, -44.0512
144.82, -44.047
144.824, -44.0434
144.828, -44.0404
144.832, -44.0377
144.836, -44.0262
144.84, -44.0164
144.844, -43.9895
144.848, -43.9573
144.852, -43.9391
144.856, -43.9329
144.86, -43.9276
144.864, -43.9231
144.868, -43.9332
144.872, -43.9405
144.876, -43.9458
144.88, -43.9669
144.884, -43.9994
144.888, -44.023
144.892, -44.0401
144.896, -44.0697
144.9, -44.1085
144.904, -44.1194
144.908, -44.1273
144.912, -44.1331
144.916, -44.126
144.92, -44.1107
144.924, -44.0884
144.928, -44.0694
144.932, -44.0532
144.936, -44.0209
144.94, -43.9933
144.944, -43.9698
144.948, -43.9498
144.952, -43.9327
144.956, -43.9274
144.96, -43.923
144.964, -43.9191
144.968, -43.9303
144.972, -43.9384
144.976, -43.9787
144.98, -44.0079
144.984, -44.0292
144.988, -44.0446
144.992, -44.073
144.996, -44.1108
145, -44.1555
145.004, -44.1879
145.008, -44.1943
145.012, -44.1782
145.016, -44.1645
145.02, -44.1528
145.024, -44.1428
145.028, -44.1251
145.032, -44.1007
145.036, -44.0798
145.04, -44.0621
145.044, -44.047
145.048, -44.0341
145.052, -44.0232
145.056, -44.0231
145.06, -44.0231
145.064, -44.0137
145.068, -44.0058
145.072, -43.999
145.076, -43.9932
145.08, -43.9883
145.084, -43.9977
145.088, -44.0045
145.092, -43.9979
145.096, -43.9923
145.1, -44.0178
145.104, -44.0093
145.108, -44.002
145.112, -44.0076
145.116, -44.0118
145.12, -44.0147
145.124, -43.9973
145.128, -43.9732
145.132, -43.9713
145.136, -43.9853
145.14, -43.9956
145.144, -44.2438
145.148, -44.4412
145.152, -44.877
145.156, -45.2106
145.16, -45.4357
145.164, -45.5819
145.168, -45.6709
145.172, -45.7011
145.176, -45.6758
145.18, -45.8078
145.184, -46.2305
145.188, -46.3998
145.192, -46.9183
145.196, -47.1745
145.2, -47.2745
145.204, -47.4502
145.208, -47.5779
145.212, -47.4608
145.216, -47.2681
145.22, -46.9925
145.224, -46.6277
145.228, -46.4654
145.232, -46.1971
145.236, -45.9499
145.24, -45.8042
145.244, -45.6151
145.248, -45.6434
145.252, -45.6639
145.256, -45.6162
145.26, -45.6269
145.264, -45.6218
145.268, -45.5989
145.272, -45.9756
145.276, -46.1803
145.28, -46.6213
145.284, -46.9072
145.288, -47.046
145.292, -47.0952
145.296, -47.0681
145.3, -46.9799
145.304, -46.812
145.308, -46.5575
145.312, -46.2292
145.316, -45.8473
145.32, -45.9153
145.324, -45.8677
145.328, -45.7715
145.332, -45.6523
145.336, -45.4208
145.34, -45.2236
145.344, -45.0556
145.348, -44.903
145.352, -44.606
145.356, -44.3529
145.36, -44.1465
145.364, -43.9057
145.368, -43.7376
145.372, -43.6407
145.376, -43.4838
145.38, -43.4338
145.384, -43.4283
145.388, -43.5743
145.392, -43.8352
145.396, -44.2137
145.4, -44.7122
145.404, -45.2806
145.408, -45.8653
145.412, -45.7232
145.416, -45.667
145.42, -45.6655
145.424, -45.4879
145.428, -45.3272
145.432, -45.1439
145.436, -44.9506
145.44, -44.7765
145.444, -44.5446
145.448, -44.3841
145.452, -44.2473
145.456, -44.1865
145.46, -44.0418
145.464, -43.9928
145.468, -44.0358
145.472, -44.2046
145.476, -44.2412
145.48, -44.4397
145.484, -44.7386
145.488, -45.1276
145.492, -45.3586
145.496, -45.6466
145.5, -45.9589
145.504, -46.2545
145.508, -46.5036
145.512, -46.7016
145.516, -46.5378
145.52, -46.3888
145.524, -46.2433
145.528, -46.0822
145.532, -45.8984
145.536, -45.6861
145.54, -45.4681
145.544, -45.2731
145.548, -45.1068
145.552, -44.9559
145.556, -44.7623
145.56, -44.6251
145.564, -44.5639
145.568, -44.6566
145.572, -44.7239
145.576, -44.9275
145.58, -44.8681
145.584, -44.8638
145.588, -44.943
145.592, -44.9184
145.596, -44.931
145.6, -44.9746
145.604, -44.973
145.608, -45.0051
145.612, -44.9526
145.616, -44.9171
145.62, -44.8498
145.624, -44.8109
145.628, -44.7871
145.632, -44.7668
145.636, -44.7495
145.64, -44.7441
145.644, -44.6094
145.648, -44.5039
145.652, -44.349
145.656, -44.2355
145.66, -44.1574
145.664, -44.1094
145.668, -44.0686
145.672, -43.9409
145.676, -43.8227
145.68, -43.7591
145.684, -43.7328
145.688, -43.743
145.692, -43.8191
145.696, -43.9432
145.7, -43.9362
145.704, -43.9938
145.708, -44.0872
145.712, -44.1034
145.716, -44.1839
145.72, -44.2252
145.724, -44.2724
145.728, -44.3239
145.732, -44.2976
145.736, -44.2752
145.74, -44.2282
145.744, -44.1882
145.748, -44.1541
145.752, -44.1251
145.756, -44.1003
145.76, -44.0792
145.764, -44.052
145.768, -43.7688
145.772, -43.5367
145.776, -43.3295
145.78, -43.1623
145.784, -43.0198
145.788, -42.9077
145.792, -42.7471
145.796, -42.6567
145.8, -42.6354
145.804, -42.6534
145.808, -42.7868
145.812, -43.004
145.816, -43.0758
145.82, -43.2139
145.824, -43.4346
145.828, -43.7152
145.832, -43.9879
145.836, -44.2374
145.84, -44.4531
145.844, -44.644
145.848, -44.8171
145.852, -44.96
145.856, -44.7839
145.86, -44.6152
145.864, -44.4715
145.868, -44.154
145.872, -43.8648
145.876, -43.5813
145.88, -43.3212
145.884, -42.8303
145.888, -42.4212
145.892, -42.1005
145.896, -41.8643
145.9, -41.728
145.904, -41.6953
145.908, -41.8159
145.912, -42.0927
145.916, -42.5172
145.92, -42.6192
145.924, -42.4455
145.928, -42.3996
145.932, -42.6883
145.936, -43.0185
145.94, -43.3271
145.944, -43.6028
145.948, -43.8718
145.952, -44.1531
145.956, -44.1428
145.96, -44.1778
145.964, -44.2377
145.968, -44.2812
145.972, -44.4159
145.976, -44.4794
145.98, -44.5084
145.984, -44.5294
145.988, -44.2777
145.992, -44.1189
145.996, -43.993
146, -43.8764
146.004, -43.7677
146.008, -43.6752
146.012, -43.5963
146.016, -43.5662
146.02, -43.6219
146.024, -43.4023
146.028, -43.271
146.032, -43.224
146.036, -43.1933
146.04, -43.3683
146.044, -43.6159
146.048, -43.9333
146.052, -44.2842
146.056, -44.797
146.06, -45.3243
146.064, -45.8276
146.068, -46.2963
146.072, -46.7054
146.076, -47.0541
146.08, -47.3073
146.084, -47.5084
146.088, -47.6717
146.092, -47.7216
146.096, -47.5648
146.1, -47.357
146.104, -47.1056
146.108, -46.8728
146.112, -46.6558
146.116, -46.4246
146.12, -46.1997
146.124, -46.1567
146.128, -46.1478
146.132, -46.2026
146.136, -46.4143
146.14, -46.6713
146.144, -47.116
146.148, -47.5765
146.152, -48.0829
146.156, -48.554
146.16, -48.9476
146.164, -49.2679
146.168, -49.9647
146.172, -50.4366
146.176, -50.5212
146.18, -50.4987
146.184, -50.4238
146.188, -50.6495
146.192, -50.6587
146.196, -50.4766
146.2, -50.2194
146.204, -50.0373
146.208, -49.8079
146.212, -49.5381
146.216, -49.2246
146.22, -48.9018
146.224, -48.5988
146.228, -48.3406
146.232, -48.1391
146.236, -47.9952
146.24, -47.9005
146.244, -47.8661
146.248, -47.9324
146.252, -48.1008
146.256, -48.3607
146.26, -48.687
146.264, -49.01
146.268, -49.3133
146.272, -49.5851
146.276, -49.8341
146.28, -50.0665
146.284, -50.7684
146.288, -52.8261
146.292, -54.252
146.296, -55.2185
146.3, -55.6796
146.304, -55.8595
146.308, -55.8186
146.312, -55.7465
146.316, -55.4344
146.32, -54.862
146.324, -54.1514
146.328, -53.2581
146.332, -52.3391
146.336, -51.3238
146.34, -50.2729
146.344, -49.2382
146.348, -48.2821
146.352, -47.5416
146.356, -47.1148
146.36, -46.8624
146.364, -46.8769
146.368, -47.3345
146.372, -48.0796
146.376, -49.0506
146.38, -50.1513
146.384, -51.2945
146.388, -52.4343
146.392, -53.4339
146.396, -54.2114
146.4, -54.6899
146.404, -54.9341
146.408, -54.9738
146.412, -54.7942
146.416, -54.4182
146.42, -53.9307
146.424, -53.2459
146.428, -52.4024
146.432, -51.4795
146.436, -50.4608
146.44, -49.3978
146.444, -48.4084
146.448, -47.5095
146.452, -46.6877
146.456, -45.9874
146.46, -45.4463
146.464, -45.0687
146.468, -44.9791
146.472, -45.13
146.476, -45.5663
146.48, -46.2615
146.484, -47.0759
146.488, -47.9424
146.492, -48.778
146.496, -49.5395
146.5, -50.1785
146.504, -50.6768
146.508, -50.9182
146.512, -50.9107
146.516, -50.7648
146.52, -50.5663
146.524, -50.202
146.528, -49.6966
146.532, -49.0524
146.536, -48.3085
146.54, -47.5539
146.544, -46.8551
146.548, -46.1294
146.552, -45.4089
146.556, -44.7671
146.56, -44.1923
146.564, -43.7025
146.568, -43.3223
146.572, -43.0446
146.576, -42.8824
146.58, -42.9703
146.584, -43.1887
146.588, -43.5193
146.592, -43.9314
146.596, -44.4025
146.6, -44.8823
146.604, -45.3682
146.608, -45.7726
146.612, -46.0663
146.616, -46.2279
146.62, -46.242
146.624, -46.1918
146.628, -46.0469
146.632, -45.8119
146.636, -45.5653
146.64, -45.2436
146.644, -44.9695
146.648, -44.6338
146.652, -44.2457
146.656, -43.7664
146.66, -43.2836
146.664, -42.8723
146.668, -42.4475
146.672, -42.067
146.676, -41.7427
146.68, -41.4849
146.684, -41.2931
146.688, -41.1761
146.692, -41.1599
146.696, -41.2892
146.7, -41.5551
146.704, -41.9717
146.708, -42.2227
146.712, -42.5942
146.716, -42.9843
146.72, -43.3536
146.724, -43.7422
146.728, -44.0416
146.732, -44.2589
146.736, -44.4168
146.74, -44.4798
146.744, -44.4674
146.748, -44.2897
146.752, -44.1477
146.756, -43.9523
146.76, -43.7116
146.764, -43.4322
146.768, -43.157
146.772, -42.8947
146.776, -42.6433
146.78, -42.4197
146.784, -42.2478
146.788, -42.0642
146.792, -41.9635
146.796, -41.9612
146.8, -42.0608
146.804, -42.3222
146.808, -42.6497
146.812, -42.9735
146.816, -43.3635
146.82, -43.7671
146.824, -44.0258
146.828, -44.2824
146.832, -44.5204
146.836, -44.6933
146.84, -44.8188
146.844, -44.8756
146.848, -44.8607
146.852, -44.8202
146.856, -44.7393
146.86, -44.6239
146.864, -44.4792
146.868, -44.3281
146.872, -44.1714
146.876, -44.0194
146.88, -43.8805
146.884, -43.7529
146.888, -43.6349
146.892, -43.5437
146.896, -43.4938
146.9, -43.4513
146.904, -43.443
146.908, -43.5157
146.912, -43.6545
146.916, -43.8586
146.92, -44.1099
146.924, -44.3269
146.928, -44.5704
146.932, -44.8333
146.936, -45.0242
146.94, -45.2144
146.944, -45.3698
146.948, -45.3378
146.952, -45.3107
146.956, -45.2783
146.96, -45.2321
146.964, -45.1649
146.968, -45.0798
146.972, -45.0072
146.976, -44.8897
146.98, -44.7989
146.984, -44.74
146.988, -44.7085
146.992, -44.7002
146.996, -44.6838
147, -44.6605
147.004, -44.6755
147.008, -44.7551
147.012, -44.8645
147.016, -45.03
147.02, -45.2017
147.024, -45.2921
147.028, -45.3577
147.032, -45.4742
147.036, -45.5931
147.04, -45.7139
147.044, -45.75
147.048, -45.7591
147.052, -45.7828
147.056, -45.7829
147.06, -45.7829
147.064, -45.7458
147.068, -45.7049
147.072, -45.67
147.076, -45.5939
147.08, -45.5291
147.084, -45.4459
147.088, -45.3844
147.092, -45.3413
147.096, -45.2766
147.1, -45.2308
147.104, -45.2104
147.108, -45.1744
147.112, -45.1716
147.116, -45.2187
147.12, -45.3389
147.124, -45.4262
147.128, -45.5412
147.132, -45.6075
147.136, -45.7073
147.14, -45.7625
147.144, -45.8198
147.148, -45.8958
147.152, -45.8994
147.156, -45.902
147.16, -45.9039
147.164, -45.9052
147.168, -45.9062
147.172, -45.823
147.176, -45.7336
147.18, -45.6481
147.184, -45.5659
147.188, -45.4773
147.192, -45.4111
147.196, -45.364
147.2, -45.3331
147.204, -45.2325
147.208, -45.1561
147.212, -45.1002
147.216, -45.0897
147.22, -45.1248
147.224, -45.1503
147.228, -45.2031
147.232, -45.3103
147.236, -45.457
147.24, -45.6323
147.244, -45.7939
147.248, -45.9113
147.252, -46.0138
147.256, -46.0075
147.26, -46.0021
147.264, -45.9882
147.268, -45.9578
147.272, -45.9226
147.276, -45.8741
147.28, -45.8048
147.284, -45.7087
147.288, -45.6174
147.292, -45.5397
147.296, -45.3992
147.3, -45.2702
147.304, -45.1231
147.308, -45.0071
147.312, -44.9174
147.316, -44.8411
147.32, -44.776
147.324, -44.7483
147.328, -44.7563
147.332, -44.8137
147.336, -44.9242
147.34, -45.056
147.344, -45.1861
147.348, -45.2978
147.352, -45.4305
147.356, -45.544
147.36, -45.6437
147.364, -45.7332
147.368, -45.781
147.372, -45.7813
147.376, -45.7536
147.38, -45.7021
147.384, -45.6489
147.388, -45.585
147.392, -45.4934
147.396, -45.3782
147.4, -45.2429
147.404, -45.1091
147.408, -44.9764
147.412, -44.8634
147.416, -44.7671
147.42, -44.685
147.424, -44.6057
147.428, -44.5011
147.432, -44.4304
147.436, -44.3887
147.44, -44.3532
147.444, -44.3416
147.448, -44.3747
147.452, -44.4504
147.456, -44.5398
147.46, -44.6563
147.464, -44.8096
147.468, -44.9726
147.472, -45.0738
147.476, -45.1644
147.48, -45.2474
147.484, -45.3248
147.488, -45.3638
147.492, -45.375
147.496, -45.3607
147.5, -45.3115
147.504, -45.2323
147.508, -45.1371
147.512, -45.028
147.516, -44.9072
147.52, -44.7671
147.524, -44.6199
147.528, -44.4759
147.532, -44.3439
147.536, -44.2221
147.54, -44.1183
147.544, -44.0299
147.548, -43.9731
147.552, -43.9525
147.556, -43.9545
147.56, -44.0075
147.564, -44.0975
147.568, -44.2146
147.572, -44.3511
147.576, -44.4847
147.58, -44.6161
147.584, -44.7459
147.588, -44.8401
147.592, -44.9258
147.596, -44.9879
147.6, -45.0159
147.604, -45.0083
147.608, -44.9739
147.612, -44.9168
147.616, -44.8403
147.62, -44.7472
147.624, -44.6493
147.628, -44.5474
147.632, -44.4326
147.636, -44.3162
147.64, -44.1985
147.644, -44.0982
147.648, -43.9942
147.652, -43.924
147.656, -43.8829
147.66, -43.8663
147.664, -43.8918
147.668, -43.9619
147.672, -44.0644
147.676, -44.1904
147.68, -44.2648
147.684, -44.3703
147.688, -44.4641
147.692, -44.5666
147.696, -44.641
147.7, -44.6607
147.704, -44.6591
147.708, -44.6577
147.712, -44.6566
147.716, -44.637
147.72, -44.6018
147.724, -44.6494
147.728, -44.6495
147.732, -44.684
147.736, -44.7434
147.74, -44.7522
147.744, -44.737
147.748, -44.7148
147.752, -44.6865
147.756, -44.6532
147.76, -44.597
147.764, -44.5119
147.768, -44.4116
147.772, -44.2983
147.776, -44.1738
147.78, -44.0585
147.784, -43.9417
147.788, -43.8328
147.792, -43.7401
147.796, -43.661
147.8, -43.5937
147.804, -43.5641
147.808, -43.6895
147.812, -43.8148
147.816, -43.9574
147.82, -44.147
147.824, -44.3362
147.828, -44.5596
147.832, -44.7734
147.836, -44.9287
147.84, -45.0414
147.844, -45.1061
147.848, -45.1036
147.852, -45.0735
147.856, -45.0108
147.86, -44.911
147.864, -44.7609
147.868, -44.5866
147.872, -44.3823
147.876, -44.1526
147.88, -43.9382
147.884, -43.737
147.888, -43.5655
147.892, -43.4008
147.896, -43.279
147.9, -43.1938
147.904, -43.149
147.908, -43.1387
147.912, -43.2257
147.916, -43.3576
147.92, -43.5222
147.924, -43.7277
147.928, -43.9457
147.932, -44.1385
147.936, -44.2784
147.94, -44.3973
147.944, -44.5007
147.948, -44.5415
147.952, -44.5203
147.956, -44.4837
147.96, -44.4246
147.964, -44.3465
147.968, -44.2427
147.972, -44.1265
147.976, -43.9903
147.98, -43.8464
147.984, -43.7144
147.988, -43.5927
147.992, -43.4797
147.996, -43.3834
148, -43.3014
148.004, -43.2408
148.008, -43.2077
148.012, -43.2073
148.016, -43.2584
148.02, -43.3642
148.024, -43.4927
148.028, -43.6204
148.032, -43.7647
148.036, -43.9383
148.04, -44.1676
148.044, -44.3513
148.048, -44.5018
148.052, -44.6112
148.056, -44.6562
148.06, -44.6553
148.064, -44.6266
148.068, -44.5743
148.072, -44.502
148.076, -44.4031
148.08, -44.2818
148.084, -44.1413
148.088, -43.9844
148.092, -43.8135
148.096, -43.668
148.1, -43.5439
148.104, -43.4475
148.108, -43.3746
148.112, -43.3404
148.116, -43.3551
148.12, -43.4174
148.124, -43.5142
148.128, -43.6534
148.132, -43.8404
148.136, -44.0622
148.14, -44.2577
148.144, -44.3996
148.148, -44.5199
148.152, -44.6416
148.156, -44.73
148.16, -44.777
148.164, -44.794
148.168, -44.7728
148.172, -44.7361
148.176, -44.6956
148.18, -44.6333
148.184, -44.5523
148.188, -44.4461
148.192, -44.3371
148.196, -44.2256
148.2, -44.1306
148.204, -44.0404
148.208, -43.9635
148.212, -43.9166
148.216, -43.9044
148.22, -43.9368
148.224, -43.9603
148.228, -44.029
148.232, -44.1477
148.236, -44.3199
148.24, -44.4621
148.244, -44.5998
148.248, -44.717
148.252, -44.8193
148.256, -45.1515
148.26, -45.3928
148.264, -45.5508
148.268, -45.6484
148.272, -45.6676
148.276, -45.6473
148.28, -45.6021
148.284, -45.5171
148.288, -45.3891
148.292, -45.2242
148.296, -45.0373
148.3, -44.9245
148.304, -44.7819
148.308, -44.6326
148.312, -44.4867
148.316, -44.3531
148.32, -44.2393
148.324, -44.1516
148.328, -44.0861
148.332, -44.0489
148.336, -44.0357
148.34, -44.0666
148.344, -44.1234
148.348, -44.1818
148.352, -44.2759
148.356, -44.6709
148.36, -46.0069
148.364, -47.0287
148.368, -47.7879
148.372, -48.3392
148.376, -48.7395
148.38, -48.9442
148.384, -48.9552
148.388, -49.2039
148.392, -49.1247
148.396, -48.8623
148.4, -48.5273
148.404, -48.0561
148.408, -47.4781
148.412, -46.8279
148.416, -46.1067
148.42, -45.4272
148.424, -44.7552
148.428, -44.1177
148.432, -43.5652
148.436, -43.0943
148.44, -42.8045
148.444, -42.6502
148.448, -42.6302
148.452, -42.9082
148.456, -43.4024
148.46, -44.0537
148.464, -44.7331
148.468, -45.4845
148.472, -45.8926
148.476, -46.3437
148.48, -46.7745
148.484, -46.7671
148.488, -46.7421
148.492, -46.6744
148.496, -46.6166
148.5, -46.3724
148.504, -46.0434
148.508, -45.6889
148.512, -45.3218
148.516, -44.9161
148.52, -44.5333
148.524, -44.1607
148.528, -43.8525
148.532, -43.6085
148.536, -43.4098
148.54, -43.3148
148.544, -43.3368
148.548, -43.3082
148.552, -43.4523
148.556, -43.7461
148.56, -44.1487
148.564, -44.5958
148.568, -44.9205
148.572, -45.1563
148.576, -45.4479
148.58, -45.7285
148.584, -45.6808
148.588, -45.6308
148.592, -45.5881
148.596, -45.4961
148.6, -45.4083
148.604, -45.2963
148.608, -45.173
148.612, -45.0494
148.616, -44.9254
148.62, -44.7455
148.624, -44.5923
148.628, -44.4431
148.632, -44.2511
148.636, -44.0968
148.64, -43.9746
148.644, -43.8983
148.648, -43.7682
148.652, -43.7131
148.656, -43.6847
148.66, -43.6697
148.664, -43.7493
148.668, -43.9275
148.672, -44.1945
148.676, -44.3712
148.68, -44.4651
148.684, -44.5849
148.688, -44.7408
148.692, -44.9056
148.696, -44.9565
148.7, -45.0278
148.704, -45.0186
148.708, -45.0107
148.712, -44.9947
148.716, -44.9811
148.72, -44.8952
148.724, -44.7663
148.728, -44.6565
148.732, -44.498
148.736, -44.3722
148.74, -44.2372
148.744, -44.1314
148.748, -44.0598
148.752, -44.0174
148.756, -43.9998
148.76, -43.9941
148.764, -43.9891
148.768, -44.0846
148.772, -44.0851
148.776, -44.1542
148.78, -44.2733
148.784, -44.4285
148.788, -44.4552
148.792, -44.5263
148.796, -44.6294
148.8, -44.5771
148.804, -44.5417
148.808, -44.5301
148.812, -44.5634
148.816, -44.53
148.82, -44.5016
148.824, -44.4774
148.828, -44.4289
148.832, -44.3504
148.836, -44.2929
148.84, -44.2439
148.844, -44.2114
148.848, -44.2022
148.852, -44.2394
148.856, -44.2354
148.86, -44.2463
148.864, -44.3058
148.868, -44.4178
148.872, -44.4991
148.876, -44.6097
148.88, -44.7244
148.884, -44.7906
148.888, -44.8901
148.892, -44.9969
148.896, -45.04
148.9, -45.0712
148.904, -45.0768
148.908, -45.0808
148.912, -45.0837
148.916, -45.0383
148.92, -44.9904
148.924, -44.9403
148.928, -44.9817
148.932, -44.9945
148.936, -45.0038
148.94, -44.9795
148.944, -44.9496
148.948, -44.9242
148.952, -44.8932
148.956, -44.8853
148.96, -44.8901
148.964, -44.8548
148.968, -44.8248
148.972, -44.8177
148.976, -44.8238
148.98, -44.8454
148.984, -44.861
148.988, -44.8896
148.992, -44.8729
148.996, -44.8587
149, -44.9051
149.004, -44.9559
149.008, -45.0101
149.012, -45.0666
149.016, -45.1248
149.02, -45.1843
149.024, -45.2275
149.028, -45.2588
149.032, -45.3676
149.036, -45.4121
149.04, -45.4273
149.044, -45.4146
149.048, -45.3946
149.052, -45.3589
149.056, -45.31
149.06, -45.2498
149.064, -45.2262
149.068, -45.2407
149.072, -45.2277
149.076, -45.1796
149.08, -45.1385
149.084, -45.2285
149.088, -45.2939
149.092, -45.3241
149.096, -45.3633
149.1, -45.3746
149.104, -45.5031
149.108, -45.5964
149.112, -45.6298
149.116, -45.654
149.12, -45.7232
149.124, -45.739
149.128, -45.7266
149.132, -45.7067
149.136, -45.6991
149.14, -45.6648
149.144, -45.6633
149.148, -45.6157
149.152, -45.5937
149.156, -45.547
149.16, -45.5166
149.164, -45.472
149.168, -45.397
149.172, -45.333
149.176, -45.2599
149.18, -45.1976
149.184, -45.1723
149.188, -45.1229
149.192, -45.0716
149.196, -45.065
149.2, -45.0408
149.204, -45.0108
149.208, -44.9854
149.212, -44.9729
149.216, -45.0221
149.22, -45.0406
149.224, -45.1228
149.228, -45.1653
149.232, -45.1634
149.236, -45.2635
149.24, -45.3362
149.244, -45.389
149.248, -45.4274
149.252, -45.4238
149.256, -45.4699
149.26, -45.4693
149.264, -45.4503
149.268, -45.4062
149.272, -45.3408
149.276, -45.2665
149.28, -45.2403
149.284, -45.1901
149.288, -45.1195
149.292, -45.0222
149.296, -44.93
149.3, -44.9071
149.304, -44.8783
149.308, -44.8631
149.312, -44.8408
149.316, -44.8218
149.32, -44.8057
149.324, -44.7919
149.328, -44.7801
149.332, -44.796
149.336, -44.8075
149.34, -44.8331
149.344, -44.8344
149.348, -44.9386
149.352, -44.9971
149.356, -45.0223
149.36, -45.0234
149.364, -45.0146
149.368, -45.0179
149.372, -45.0098
149.376, -44.9937
149.38, -44.9707
149.384, -44.9697
149.388, -44.9502
149.392, -44.915
149.396, -44.8758
149.4, -44.8517
149.404, -44.8125
149.408, -44.7606
149.412, -44.6978
149.416, -44.6443
149.42, -44.5894
149.424, -44.5519
149.428, -44.5106
149.432, -44.4569
149.436, -44.4297
149.44, -44.4158
149.444, -44.3946
149.448, -44.3859
149.452, -44.4066
149.456, -44.4216
149.46, -44.4325
149.464, -44.4275
149.468, -44.4232
149.472, -44.4336
149.476, -44.4412
149.48, -44.4639
149.484, -44.4635
149.488, -44.4539
149.492, -44.4272
149.496, -44.4044
149.5, -44.385
149.504, -44.3684
149.508, -44.345
149.512, -44.3251
149.516, -44.3081
149.52, -44.2937
149.524, -44.2813
149.528, -44.2708
149.532, -44.2619
149.536, -44.265
149.54, -44.2844
149.544, -44.2735
149.548, -44.2734
149.552, -44.3078
149.556, -44.3499
149.56, -44.3386
149.564, -44.3289
149.568, -44.3207
149.572, -44.3044
149.576, -44.2998
149.58, -44.3097
149.584, -44.317
149.588, -44.3394
149.592, -44.3296
149.596, -44.3314
149.6, -44.3499
149.604, -44.3634
149.608, -44.4075
149.612, -44.4396
149.616, -44.4801
149.62, -44.5267
149.624, -44.5605
149.628, -44.6023
149.632, -44.6327
149.636, -44.6074
149.64, -44.5859
149.644, -44.5676
149.648, -44.5427
149.652, -44.5215
149.656, -44.4849
149.66, -44.4537
149.664, -44.4085
149.668, -44.3607
149.672, -44.32
149.676, -44.2853
149.68, -44.2372
149.684, -44.2055
149.688, -44.197
149.692, -44.218
149.696, -44.2505
149.7, -44.2913
149.704, -44.3553
149.708, -44.4362
149.712, -44.4949
149.716, -44.572
149.72, -44.6451
149.724, -44.6467
149.728, -44.665
149.732, -44.7127
149.736, -44.7473
149.74, -44.7725
149.744, -44.7638
149.748, -44.7378
149.752, -44.7064
149.756, -44.6796
149.76, -44.6568
149.764, -44.6281
149.768, -44.5943
149.772, -44.5656
149.776, -44.5503
149.78, -44.5374
149.784, -44.5263
149.788, -44.5169
149.792, -44.4995
149.796, -44.4941
149.8, -44.5027
149.804, -44.5433
149.808, -44.59
149.812, -44.6239
149.816, -44.6657
149.82, -44.7305
149.824, -44.812
149.828, -44.8883
149.832, -44.9093
149.836, -44.9083
149.84, -44.8982
149.844, -44.8802
149.848, -44.8557
149.852, -44.8254
149.856, -44.7904
149.86, -44.7512
149.864, -44.7179
149.868, -44.6987
149.872, -44.6917
149.876, -44.6978
149.88, -44.7194
149.884, -44.7352
149.888, -44.732
149.892, -44.7443
149.896, -44.7532
149.9, -44.7769
149.904, -44.8113
149.908, -44.8534
149.912, -44.8841
149.916, -44.9063
149.92, -44.9224
149.924, -44.9513
149.928, -44.9895
149.932, -45.0345
149.936, -45.0499
149.94, -45.0281
149.944, -44.9909
149.948, -44.95
149.952, -44.8965
149.956, -44.851
149.96, -44.8122
149.964, -44.7791
149.968, -44.7417
149.972, -44.7097
149.976, -44.6825
149.98, -44.6686
149.984, -44.6661
149.988, -44.6793
149.992, -44.6888
149.996, -44.7129
150, -44.7648
150.004, -44.8198
150.008, -44.894
150.012, -44.9823
150.016, -45.0465
150.02, -45.0931
150.024, -45.1097
150.028, -45.1217
150.032, -45.1305
150.036, -45.1061
150.04, -45.076
150.044, -45.0411
150.048, -44.9927
150.052, -44.9422
150.056, -44.9085
150.06, -44.8797
150.064, -44.8459
150.068, -44.7986
150.072, -44.7582
150.076, -44.7424
150.08, -44.7289
150.084, -44.6989
150.088, -44.6733
150.092, -44.6607
150.096, -44.6593
150.1, -44.6743
150.104, -44.7024
150.108, -44.7227
150.112, -44.7214
150.116, -44.7203
150.12, -44.753
150.124, -44.8111
150.128, -44.8705
150.132, -44.9308
150.136, -44.9574
150.14, -44.9768
150.144, -44.9658
150.148, -44.9471
150.152, -44.9312
150.156, -44.9083
150.16, -44.8703
150.164, -44.8286
150.168, -44.7931
150.172, -44.7535
150.176, -44.7105
150.18, -44.6739
150.184, -44.6334
150.188, -44.5988
150.192, -44.5694
150.196, -44.5537
150.2, -44.5495
150.204, -44.5601
150.208, -44.585
150.212, -44.6203
150.216, -44.6459
150.22, -44.6645
150.224, -44.6952
150.228, -44.7347
150.232, -44.7805
150.236, -44.8139
150.24, -44.8209
150.244, -44.8259
150.248, -44.8296
150.252, -44.8218
150.256, -44.8151
150.26, -44.8094
150.264, -44.7952
150.268, -44.7646
150.272, -44.7292
150.276, -44.6805
150.28, -44.6297
150.284, -44.5864
150.288, -44.5588
150.292, -44.5352
150.296, -44.5152
150.3, -44.4981
150.304, -44.4835
150.308, -44.4618
150.312, -44.4433
150.316, -44.4183
150.32, -44.3969
150.324, -44.4149
150.328, -44.4451
150.332, -44.4842
150.336, -44.5126
150.34, -44.5333
150.344, -44.5654
150.348, -44.606
150.352, -44.6182
150.356, -44.6137
150.36, -44.6099
150.364, -44.6211
150.368, -44.6464
150.372, -44.6648
150.376, -44.6627
150.38, -44.6516
150.384, -44.6422
150.388, -44.6156
150.392, -44.5836
150.396, -44.5471
150.4, -44.5253
150.404, -44.4974
150.408, -44.4643
150.412, -44.4269
150.416, -44.3949
150.42, -44.3677
150.424, -44.3446
150.428, -44.3341
150.432, -44.3348
150.436, -44.3525
150.44, -44.3825
150.444, -44.4043
150.448, -44.4036
150.452, -44.4196
150.456, -44.4313
150.46, -44.4569
150.464, -44.4755
150.468, -44.5063
150.472, -44.5458
150.476, -44.5745
150.48, -44.5781
150.484, -44.5702
150.488, -44.5449
150.492, -44.5141
150.496, -44.4879
150.5, -44.4562
150.504, -44.4199
150.508, -44.389
150.512, -44.3533
150.516, -44.3137
150.52, -44.2799
150.524, -44.2604
150.528, -44.2531
150.532, -44.2468
150.536, -44.2542
150.54, -44.2595
150.544, -44.2806
150.548, -44.2959
150.552, -44.3414
150.556, -44.3744
150.56, -44.3984
150.564, -44.4158
150.568, -44.4285
150.572, -44.4549
150.576, -44.4912
150.58, -44.5004
150.584, -44.5071
150.588, -44.5119
150.592, -44.5046
150.596, -44.489
150.6, -44.4664
150.604, -44.4379
150.608, -44.4137
150.612, -44.393
150.616, -44.366
150.62, -44.3338
150.624, -44.3156
150.628, -44.3094
150.632, -44.3168
150.636, -44.3222
150.64, -44.3261
150.644, -44.3289
150.648, -44.331
150.652, -44.3325
150.656, -44.3507
150.66, -44.3812
150.664, -44.3862
150.668, -44.4069
150.672, -44.4058
150.676, -44.4048
150.68, -44.404
150.684, -44.394
150.688, -44.3855
150.692, -44.3689
150.696, -44.3548
150.7, -44.3521
150.704, -44.3498
150.708, -44.3633
150.712, -44.3594
150.716, -44.356
150.72, -44.3438
150.724, -44.3427
150.728, -44.3325
150.732, -44.3238
150.736, -44.3071
150.74, -44.2929
150.744, -44.29
150.748, -44.3027
150.752, -44.312
150.756, -44.3359
150.76, -44.3532
150.764, -44.3658
150.768, -44.3922
150.772, -44.4113
150.776, -44.4095
150.78, -44.3987
150.784, -44.3989
150.788, -44.3897
150.792, -44.3818
150.796, -44.3751
150.8, -44.3694
150.804, -44.3645
150.808, -44.3604
150.812, -44.371
150.816, -44.3788
150.82, -44.3632
150.824, -44.35
150.828, -44.3294
150.832, -44.3119
150.836, -44.297
150.84, -44.2935
150.844, -44.3053
150.848, -44.3139
150.852, -44.3373
150.856, -44.3543
150.86, -44.3838
150.864, -44.4053
150.868, -44.4044
150.872, -44.3944
150.876, -44.3957
150.88, -44.4139
150.884, -44.4118
150.888, -44.4007
150.892, -44.3912
150.896, -44.3934
150.9, -44.3951
150.904, -44.3864
150.908, -44.3791
150.912, -44.3728
150.916, -44.3675
150.92, -44.3762
150.924, -44.3998
150.928, -44.4169
150.932, -44.405
150.936, -44.3949
150.94, -44.4133
150.944, -44.4611
150.948, -44.4958
150.952, -44.5038
150.956, -44.4884
150.96, -44.4846
150.964, -44.4813
150.968, -44.4785
150.972, -44.4761
150.976, -44.4648
150.98, -44.4458
150.984, -44.4204
150.988, -44.3988
150.992, -44.399
150.996, -44.3991
151, -44.4164
151.004, -44.4139
151.008, -44.4118
151.012, -44.4007
151.016, -44.3912
151.02, -44.3832
151.024, -44.3876
151.028, -44.4081
151.032, -44.4401
151.036, -44.4462
151.04, -44.4506
151.044, -44.4431
151.048, -44.4483
151.052, -44.4522
151.056, -44.4444
151.06, -44.4285
151.064, -44.4149
151.068, -44.4126
151.072, -44.4107
151.076, -44.409
151.08, -44.4236
151.084, -44.4342
151.088, -44.4419
151.092, -44.4357
151.096, -44.443
151.1, -44.4483
151.104, -44.4521
151.108, -44.4444
151.112, -44.4378
151.116, -44.4228
151.12, -44.4194
151.124, -44.4312
151.128, -44.4397
151.132, -44.4459
151.136, -44.4677
151.14, -44.4834
151.144, -44.4949
151.148, -44.5032
151.152, -44.5092
151.156, -44.5136
151.16, -44.5168
151.164, -44.5191
151.168, -44.5208
151.172, -44.5121
151.176, -44.4955
151.18, -44.4813
151.184, -44.4693
151.188, -44.4682
151.192, -44.4838
151.196, -44.4807
151.2, -44.478
151.204, -44.4757
151.208, -44.4737
151.212, -44.4878
151.216, -44.4841
151.22, -44.4716
151.224, -44.4609
151.228, -44.4519
151.232, -44.4441
151.236, -44.4376
151.24, -44.432
151.244, -44.8187
151.248, -45.3747
151.252, -45.7785
151.256, -46.2609
151.26, -46.6112
151.264, -47.0375
151.268, -47.2955
151.272, -47.4828
151.276, -47.6876
151.28, -47.9051
151.284, -47.8882
151.288, -47.7531
151.292, -47.5079
151.296, -47.3362
151.3, -47.0505
151.304, -46.6679
151.308, -46.2118
151.312, -45.7025
151.316, -45.4264
151.32, -45.1074
151.324, -44.7706
151.328, -44.4465
151.332, -44.161
151.336, -43.927
151.34, -43.7461
151.344, -43.6199
151.348, -43.8506
151.352, -44.0869
151.356, -44.3445
151.36, -44.6175
151.364, -45.2285
151.368, -45.741
151.372, -46.1648
151.376, -46.8165
151.38, -47.2553
151.384, -47.488
151.388, -47.5365
151.392, -47.4719
151.396, -47.3147
151.4, -47.06
151.404, -47.1053
151.408, -46.9745
151.412, -46.7237
151.416, -46.6864
151.42, -46.5433
151.424, -46.3842
151.428, -46.1836
151.432, -45.9292
151.436, -45.6288
151.44, -45.3728
151.444, -45.034
151.448, -44.6897
151.452, -44.3498
151.456, -44.0231
151.46, -43.7446
151.464, -43.5166
151.468, -43.3501
151.472, -43.4485
151.476, -43.6576
151.48, -43.947
151.484, -44.2948
151.488, -44.7021
151.492, -45.1354
151.496, -45.2437
151.5, -45.4083
151.504, -45.5623
151.508, -45.242
151.512, -44.9508
151.516, -44.6656
151.52, -44.3667
151.524, -44.0749
151.528, -43.8169
151.532, -43.6156
151.536, -43.4255
151.54, -43.3564
151.544, -43.4708
151.548, -43.8118
151.552, -44.3174
151.556, -44.9597
151.56, -45.1166
151.564, -44.9924
151.568, -45.0199
151.572, -45.2118
151.576, -45.1757
151.58, -45.1873
151.584, -45.2302
151.588, -45.1634
151.592, -45.1621
151.596, -45.2806
151.6, -45.487
151.604, -45.7228
151.608, -45.9973
151.612, -46.317
151.616, -46.6523
151.62, -46.9818
151.624, -47.2898
151.628, -47.5651
151.632, -47.765
151.636, -47.8757
151.64, -47.9045
151.644, -47.8879
151.648, -47.8273
151.652, -47.7199
151.656, -47.5634
151.66, -47.3651
151.664, -47.1218
151.668, -46.5802
151.672, -46.0631
151.676, -45.5945
151.68, -45.1581
151.684, -44.7676
151.688, -44.0449
151.692, -43.4754
151.696, -42.5258
151.7, -41.8093
151.704, -41.3008
151.708, -40.9974
151.712, -40.4603
151.716, -40.0117
151.72, -39.5459
151.724, -39.3903
151.728, -39.592
151.732, -40.1685
151.736, -40.3635
151.74, -40.6769
151.744, -41.2827
151.748, -42.1182
151.752, -42.5529
151.756, -43.1092
151.76, -43.6852
151.764, -43.8454
151.768, -44.0476
151.772, -43.8576
151.776, -43.677
151.78, -43.3653
151.784, -43.0625
151.788, -42.693
151.792, -42.3224
151.796, -41.9694
151.8, -41.4644
151.804, -41.0062
151.808, -40.6065
151.812, -40.2659
151.816, -40.022
151.82, -39.7029
151.824, -39.4959
151.828, -39.3195
151.832, -39.2713
151.836, -39.3157
151.84, -39.5543
151.844, -39.9511
151.848, -40.2737
151.852, -40.7143
151.856, -41.2234
151.86, -41.7308
151.864, -42.2196
151.868, -42.695
151.872, -43.0746
151.876, -43.1784
151.88, -43.2709
151.884, -43.3037
151.888, -43.2795
151.892, -43.2588
151.896, -43.1391
151.9, -43.0092
151.904, -42.8706
151.908, -42.7154
151.912, -42.5461
151.916, -42.3739
151.92, -42.2179
151.924, -42.085
151.928, -41.9997
151.932, -42.0712
151.936, -42.3297
151.94, -42.6206
151.944, -42.9008
151.948, -43.1903
151.952, -43.5037
151.956, -43.8173
151.96, -44.2859
151.964, -44.9186
151.968, -45.7393
151.972, -46.3699
151.976, -46.7246
151.98, -46.9478
151.984, -47.1099
151.988, -47.1244
151.992, -47.2382
151.996, -47.2087
152, -47.0349
152.004, -46.8034
152.008, -47.16
152.012, -47.316
152.016, -47.3432
152.02, -47.2704
152.024, -47.1991
152.028, -47.1384
152.032, -47.4895
152.036, -47.7102
152.04, -47.8705
152.044, -47.9697
152.048, -48.2825
152.052, -48.4925
152.056, -48.6451
152.06, -48.9278
152.064, -49.0816
152.068, -49.1072
152.072, -49.5386
152.076, -49.7144
152.08, -49.7389
152.084, -49.6928
152.088, -49.9811
152.092, -50.0874
152.096, -50.0641
152.1, -49.9793
152.104, -49.8513
152.108, -49.6772
152.112, -49.4545
152.116, -49.4134
152.12, -49.3411
152.124, -49.2332
152.128, -49.0854
152.132, -48.941
152.136, -49.0397
152.14, -49.0942
152.144, -49.1338
152.148, -49.1308
152.152, -49.4527
152.156, -49.7037
152.16, -49.8688
152.164, -49.9887
152.168, -50.0585
152.172, -50.5219
152.176, -50.7553
152.18, -50.8043
152.184, -50.7863
152.188, -50.706
152.192, -50.5632
152.196, -50.4787
152.2, -50.4067
152.204, -50.2525
152.208, -50.0654
152.212, -49.8224
152.216, -49.5503
152.22, -49.3091
152.224, -49.0293
152.228, -48.7258
152.232, -48.5137
152.236, -48.2957
152.24, -48.1749
152.244, -48.0719
152.248, -47.9935
152.252, -48.0245
152.256, -48.0814
152.26, -48.2259
152.264, -48.3308
152.268, -48.407
152.272, -48.5998
152.276, -48.7398
152.28, -48.7899
152.284, -48.8262
152.288, -48.7661
152.292, -48.7917
152.296, -48.7459
152.3, -48.6419
152.304, -48.5532
152.308, -48.3384
152.312, -48.081
152.316, -47.7781
152.32, -47.5201
152.324, -47.2537
152.328, -46.9617
152.332, -46.7313
152.336, -46.4979
152.34, -46.3083
152.344, -46.1466
152.348, -46.0089
152.352, -45.9101
152.356, -45.8074
152.36, -45.7105
152.364, -45.6279
152.368, -45.5854
152.372, -45.5584
152.376, -45.6191
152.38, -45.6804
152.384, -45.7248
152.388, -45.7237
152.392, -45.7227
152.396, -45.7125
152.4, -45.7481
152.404, -45.7342
152.408, -45.6944
152.412, -45.6142
152.416, -45.5178
152.42, -45.4451
152.424, -45.3459
152.428, -45.2242
152.432, -45.0742
152.436, -44.9277
152.44, -44.8215
152.444, -44.7031
152.448, -44.5743
152.452, -44.4275
152.456, -44.2837
152.46, -44.217
152.464, -44.16
152.468, -44.1301
152.472, -44.1046
152.476, -44.0922
152.48, -44.0816
152.484, -44.054
152.488, -44.062
152.492, -44.1539
152.496, -44.2034
152.5, -44.2393
152.504, -44.2654
152.508, -44.2844
152.512, -44.3841
152.516, -44.4565
152.52, -44.4747
152.524, -44.4446
152.528, -44.4005
152.532, -44.3164
152.536, -44.2448
152.54, -44.1652
152.544, -44.0603
152.548, -43.9337
152.552, -43.7887
152.556, -43.5816
152.56, -43.4051
152.564, -43.2733
152.568, -43.1703
152.572, -43.0175
152.576, -42.8966
152.58, -42.8214
152.584, -42.8575
152.588, -42.9525
152.592, -43.0903
152.596, -43.2764
152.6, -43.5319
152.604, -43.7862
152.608, -44.0397
152.612, -44.0862
152.616, -44.1716
152.62, -44.268
152.624, -44.3552
152.628, -44.3841
152.632, -44.3769
152.636, -44.3429
152.64, -44.2861
152.644, -44.2284
152.648, -44.1235
152.652, -44.0156
152.656, -43.9051
152.66, -43.8016
152.664, -43.6949
152.668, -43.6132
152.672, -43.4879
152.676, -43.4276
152.68, -43.3947
152.684, -43.3946
152.688, -43.4459
152.692, -43.466
152.696, -43.5322
152.7, -43.6319
152.704, -43.7559
152.708, -43.9147
152.712, -43.9613
152.716, -44.0639
152.72, -44.19
152.724, -44.2988
152.728, -44.3435
152.732, -44.3931
152.736, -44.4119
152.74, -44.41
152.744, -44.4242
152.748, -44.4345
152.752, -44.442
152.756, -44.4264
152.76, -44.4038
152.764, -44.3845
152.768, -44.3588
152.772, -44.337
152.776, -44.3276
152.78, -44.2546
152.784, -44.2018
152.788, -44.1567
152.792, -44.1276
152.796, -44.1028
152.8, -44.091
152.804, -44.1066
152.808, -44.1524
152.812, -44.2372
152.816, -44.1962
152.82, -44.1799
152.824, -44.1753
152.828, -44.2023
152.832, -44.2563
152.836, -44.33
152.84, -44.4007
152.844, -44.4864
152.848, -44.5487
152.852, -44.5767
152.856, -44.6143
152.86, -44.6588
152.864, -44.7083
152.868, -44.7442
152.872, -44.7212
152.876, -44.7016
152.88, -44.6942
152.884, -44.6786
152.888, -44.6374
152.892, -44.6117
152.896, -44.599
152.9, -44.5882
152.904, -44.5883
152.908, -44.6228
152.912, -44.6306
152.916, -44.6536
152.92, -44.6702
152.924, -44.7167
152.928, -44.7848
152.932, -44.7999
152.936, -44.8109
152.94, -44.836
152.944, -44.8715
152.948, -44.9145
152.952, -44.9035
152.956, -44.8941
152.96, -44.8861
152.964, -44.9079
152.968, -44.9237
152.972, -44.9352
152.976, -44.9025
152.98, -44.8748
152.984, -44.8511
152.988, -44.7937
152.992, -44.7542
152.996, -44.7205
153, -44.7103
153.004, -44.7115
153.008, -44.6934
153.012, -44.6992
153.016, -44.7034
153.02, -44.7408
153.024, -44.8196
153.028, -44.8596
153.032, -44.9059
153.036, -44.9223
153.04, -44.9514
153.044, -45.0069
153.048, -45.0816
153.052, -45.1359
153.056, -45.1409
153.06, -45.1445
153.064, -45.1366
153.068, -45.1114
153.072, -45.0805
153.076, -45.0543
153.08, -45.0319
153.084, -44.9942
153.088, -44.9622
153.092, -44.9162
153.096, -44.8678
153.1, -44.8173
153.104, -44.7742
153.108, -44.7375
153.112, -44.7156
153.116, -44.6968
153.12, -44.6901
153.124, -44.714
153.128, -44.7313
153.132, -44.761
153.136, -44.7827
153.14, -44.8155
153.144, -44.8566
153.148, -44.9208
153.152, -44.9675
153.156, -44.9842
153.16, -44.9963
153.164, -45.0051
153.168, -45.0114
153.172, -45.0161
153.176, -45.0086
153.18, -44.9743
153.184, -44.9359
153.188, -44.9031
153.192, -44.8752
153.196, -44.8421
153.2, -44.7953
153.204, -44.7555
153.208, -44.7215
153.212, -44.7019
153.216, -44.6851
153.22, -44.6801
153.224, -44.6758
153.228, -44.6722
153.232, -44.6837
153.236, -44.7264
153.24, -44.7746
153.244, -44.7924
153.248, -44.7808
153.252, -44.7969
153.256, -44.8258
153.26, -44.8296
153.264, -44.8218
153.268, -44.8151
153.272, -44.8095
153.276, -44.8046
153.28, -44.7912
153.284, -44.7612
153.288, -44.7356
153.292, -44.7046
153.296, -44.6781
153.3, -44.6462
153.304, -44.6191
153.308, -44.5959
153.312, -44.5762
153.316, -44.5687
153.32, -44.553
153.324, -44.5397
153.328, -44.5283
153.332, -44.5278
153.336, -44.5089
153.34, -44.4928
153.344, -44.479
153.348, -44.4917
153.352, -44.5181
153.356, -44.5545
153.36, -44.5809
153.364, -44.6
153.368, -44.614
153.372, -44.6241
153.376, -44.6486
153.38, -44.6492
153.384, -44.6496
153.388, -44.6671
153.392, -44.6647
153.396, -44.6441
153.4, -44.6265
153.404, -44.6115
153.408, -44.5987
153.412, -44.5878
153.416, -44.5692
153.42, -44.5534
153.424, -44.5306
153.428, -44.502
153.432, -44.4682
153.436, -44.4302
153.44, -44.3977
153.444, -44.3701
153.448, -44.3559
153.452, -44.3437
153.456, -44.3334
153.46, -44.3342
153.464, -44.3349
153.468, -44.3258
153.472, -44.3181
153.476, -44.3575
153.48, -44.3862
153.484, -44.4242
153.488, -44.4517
153.492, -44.4718
153.496, -44.4703
153.5, -44.4691
153.504, -44.4587
153.508, -44.4407
153.512, -44.4345
153.516, -44.4293
153.52, -44.4248
153.524, -44.4117
153.528, -44.382
153.532, -44.3567
153.536, -44.3351
153.54, -44.3167
153.544, -44.3011
153.548, -44.2784
153.552, -44.2591
153.556, -44.2334
153.56, -44.2022
153.564, -44.1756
153.568, -44.1715
153.572, -44.1994
153.576, -44.2197
153.58, -44.2184
153.584, -44.2079
153.588, -44.199
153.592, -44.2022
153.596, -44.2045
153.6, -44.2062
153.604, -44.2074
153.608, -44.2082
153.612, -44.2089
153.616, -44.2266
153.62, -44.2394
153.624, -44.2351
153.628, -44.2315
153.632, -44.2191
153.636, -44.2086
153.64, -44.1996
153.644, -44.192
153.648, -44.1854
153.652, -44.1706
153.656, -44.1487
153.66, -44.13
153.664, -44.1233
153.668, -44.13
153.672, -44.1234
153.676, -44.1177
153.68, -44.1129
153.684, -44.1224
153.688, -44.1466
153.692, -44.1813
153.696, -44.1893
153.7, -44.1739
153.704, -44.1608
153.708, -44.1744
153.712, -44.1843
153.716, -44.1915
153.72, -44.1967
153.724, -44.2005
153.728, -44.2205
153.732, -44.2522
153.736, -44.258
153.74, -44.2794
153.744, -44.295
153.748, -44.2918
153.752, -44.2891
153.756, -44.2868
153.76, -44.2755
153.764, -44.2659
153.768, -44.2485
153.772, -44.2336
153.776, -44.2209
153.78, -44.2008
153.784, -44.1837
153.788, -44.1784
153.792, -44.1739
153.796, -44.1608
153.8, -44.1589
153.804, -44.1572
153.808, -44.1558
153.812, -44.1547
153.816, -44.17
153.82, -44.1983
153.824, -44.2361
153.828, -44.2636
153.832, -44.3007
153.836, -44.3277
153.84, -44.3644
153.844, -44.3739
153.848, -44.3684
153.852, -44.3544
153.856, -44.3517
153.86, -44.3494
153.864, -44.3475
153.868, -44.3273
153.872, -44.3008
153.876, -44.2875
153.88, -44.2762
153.884, -44.2572
153.888, -44.2411
153.892, -44.2273
153.896, -44.2249
153.9, -44.2228
153.904, -44.221
153.908, -44.2195
153.912, -44.2182
153.916, -44.2334
153.92, -44.2616
153.924, -44.2993
153.928, -44.3267
153.932, -44.3466
153.936, -44.361
153.94, -44.3715
153.944, -44.3663
153.948, -44.3754
153.952, -44.3819
153.956, -44.3752
153.96, -44.3695
153.964, -44.3646
153.968, -44.3512
153.972, -44.3398
153.976, -44.3393
153.98, -44.3558
153.984, -44.3677
153.988, -44.3631
153.992, -44.3592
153.996, -44.3466
154, -44.3451
154.004, -44.36
154.008, -44.4052
154.012, -44.4208
154.016, -44.4177
154.02, -44.415
154.024, -44.4127
154.028, -44.4108
154.032, -44.3998
154.036, -44.3905
154.04, -44.3825
154.044, -44.4044
154.048, -44.4202
154.052, -44.4172
154.056, -44.4053
154.06, -44.3951
154.064, -44.3865
154.068, -44.3901
154.072, -44.3927
154.076, -44.3945
154.08, -44.3959
154.084, -44.3969
154.088, -44.388
154.092, -44.3804
154.096, -44.374
154.1, -44.3684
154.104, -44.3942
154.108, -44.43
154.112, -44.4561
154.116, -44.4578
154.12, -44.4591
154.124, -44.46
154.128, -44.4606
154.132, -44.4611
154.136, -44.4615
154.14, -44.4617
154.144, -44.4619
154.148, -44.462
154.152, -44.4528
154.156, -44.4356
154.16, -44.4303
154.164, -44.4391
154.168, -44.4333
154.172, -44.4283
154.176, -44.4376
154.18, -44.432
154.184, -44.4272
154.188, -44.4368
154.192, -44.461
154.196, -44.452
154.2, -44.4548
154.204, -44.4569
154.208, -44.4485
154.212, -44.6243
154.216, -44.9927
154.22, -45.2603
154.224, -45.4374
154.228, -45.7208
154.232, -45.9438
154.236, -46.1229
154.24, -46.2014
154.244, -46.5335
154.248, -46.6544
154.252, -46.742
154.256, -46.7114
154.26, -46.8178
154.264, -46.776
154.268, -46.7682
154.272, -46.678
154.276, -46.4989
154.28, -46.2535
154.284, -45.9609
154.288, -45.8786
154.292, -45.7249
154.296, -45.5104
154.3, -45.4205
154.304, -45.3066
154.308, -45.1911
154.312, -45.0833
154.316, -45.1197
154.32, -45.3524
154.324, -45.487
154.328, -45.5676
154.332, -45.5916
154.336, -45.5825
154.34, -45.5469
154.344, -45.4793
154.348, -45.3754
154.352, -45.2218
154.356, -45.1745
154.36, -45.8909
154.364, -46.3597
154.368, -46.6485
154.372, -46.8066
154.376, -46.8697
154.38, -47.0188
154.384, -47.0238
154.388, -46.9329
154.392, -46.7441
154.396, -46.4811
154.4, -46.1456
154.404, -45.7576
154.408, -45.3341
154.412, -44.8897
154.416, -44.4461
154.42, -44.0309
154.424, -43.5377
154.428, -43.1269
154.432, -42.8232
154.436, -42.5644
154.44, -42.3067
154.444, -42.1987
154.448, -42.1622
154.452, -42.3627
154.456, -42.5083
154.46, -42.8548
154.464, -43.3988
154.468, -44.069
154.472, -44.7793
154.476, -45.5359
154.48, -46.2916
154.484, -46.5652
154.488, -46.9015
154.492, -47.2144
154.496, -47.0492
154.5, -46.8806
154.504, -46.6905
154.508, -46.222
154.512, -45.7579
154.516, -45.2696
154.52, -44.807
154.524, -44.3849
154.528, -44.0067
154.532, -43.7122
154.536, -43.2848
154.54, -43.0135
154.544, -42.903
154.548, -42.9693
154.552, -43.155
154.556, -43.5478
154.56, -44.1082
154.564, -44.7903
154.568, -45.5436
154.572, -46.297
154.576, -47.016
154.58, -47.6586
154.584, -48.1768
154.588, -48.553
154.592, -47.9948
154.596, -47.2126
154.6, -46.4346
154.604, -45.6509
154.608, -44.7324
154.612, -43.8197
154.616, -42.9399
154.62, -42.153
154.624, -41.5288
154.628, -41.0804
154.632, -40.754
154.636, -40.643
154.64, -40.8633
154.644, -41.0234
154.648, -41.5522
154.652, -42.2114
154.656, -43.0513
154.66, -43.9707
154.664, -44.5352
154.668, -45.1686
154.672, -45.6801
154.676, -46.1203
154.68, -46.4227
154.684, -46.5735
154.688, -46.597
154.692, -46.5319
154.696, -46.3742
154.7, -46.1192
154.704, -45.5862
154.708, -44.8534
154.712, -44.1268
154.716, -43.4241
154.72, -42.5653
154.724, -41.7871
154.728, -41.1053
154.732, -40.5522
154.736, -40.0902
154.74, -39.8078
154.744, -39.7064
154.748, -39.6293
154.752, -39.8516
154.756, -40.3914
154.76, -40.9554
154.764, -41.4853
154.768, -42.1453
154.772, -42.8997
154.776, -43.4303
154.78, -43.9704
154.784, -44.4658
154.788, -44.8771
154.792, -45.1242
154.796, -45.2348
154.8, -45.0832
154.804, -44.8982
154.808, -44.7499
154.812, -44.5214
154.816, -44.2339
154.82, -43.8311
154.824, -43.4228
154.828, -43.0378
154.832, -42.8768
154.836, -42.7211
154.84, -42.4955
154.844, -42.3312
154.848, -42.2468
154.852, -42.4404
154.856, -42.7358
154.86, -43.0708
154.864, -43.4344
154.868, -43.7157
154.872, -44.0403
154.876, -44.6372
154.88, -45.1395
154.884, -45.4527
154.888, -45.6801
154.892, -45.8281
154.896, -45.9011
154.9, -46.0745
154.904, -46.0973
154.908, -46.0041
154.912, -45.8597
154.916, -45.6717
154.92, -45.4465
154.924, -45.1896
154.928, -44.9149
154.932, -44.6345
154.936, -44.3769
154.94, -44.371
154.944, -44.3788
154.948, -44.4189
154.952, -44.4825
154.956, -45.2681
154.96, -45.942
154.964, -46.5517
154.968, -47.0805
154.972, -47.8084
154.976, -48.3715
154.98, -48.746
154.984, -48.9147
154.988, -48.9065
154.992, -48.8067
154.996, -48.6195
155, -48.3393
155.004, -47.9519
155.008, -47.4547
155.012, -47.226
155.016, -47.0775
155.02, -46.8488
155.024, -46.5983
155.028, -46.357
155.032, -46.2441
155.036, -46.1572
155.04, -46.0925
155.044, -46.0373
155.048, -45.9995
155.052, -45.9767
155.056, -45.9757
155.06, -46.0087
155.064, -46.067
155.068, -46.5221
155.072, -46.8698
155.076, -47.2083
155.08, -47.4541
155.084, -47.7185
155.088, -47.9278
155.092, -48.0109
155.096, -48.1917
155.1, -48.2197
155.104, -48.1842
155.108, -48.0704
155.112, -47.8806
155.116, -47.6352
155.12, -47.3426
155.124, -47.0097
155.128, -46.6611
155.132, -46.299
155.136, -45.9347
155.14, -45.5779
155.144, -45.3945
155.148, -45.2381
155.152, -45.1513
155.156, -45.3067
155.16, -45.5571
155.164, -45.8937
155.168, -46.4993
155.172, -46.939
155.176, -47.5334
155.18, -47.9995
155.184, -48.3379
155.188, -48.5492
155.192, -48.5995
155.196, -48.5355
155.2, -48.3881
155.204, -48.1419
155.208, -47.7927
155.212, -47.3466
155.216, -46.8644
155.22, -46.4813
155.224, -46.0526
155.228, -45.6038
155.232, -45.1564
155.236, -44.8401
155.24, -44.5704
155.244, -44.3871
155.248, -44.268
155.252, -44.2036
155.256, -44.1951
155.26, -44.3539
155.264, -44.5723
155.268, -44.7998
155.272, -45.0337
155.276, -45.238
155.28, -45.4036
155.284, -45.5238
155.288, -45.5766
155.292, -45.5694
155.296, -45.5169
155.3, -45.4628
155.304, -45.3517
155.308, -45.2571
155.312, -45.0743
155.316, -44.9001
155.32, -44.7051
155.324, -44.5018
155.328, -44.3286
155.332, -44.1531
155.336, -43.985
155.34, -43.8324
155.344, -43.7675
155.348, -43.7213
155.352, -43.6913
155.356, -43.6843
155.36, -43.7248
155.364, -43.8231
155.368, -43.9804
155.372, -44.1119
155.376, -44.2245
155.38, -44.3064
155.384, -44.3658
155.388, -44.4261
155.392, -44.4527
155.396, -44.4445
155.4, -44.4004
155.404, -44.335
155.408, -44.2514
155.412, -44.143
155.416, -44.0229
155.42, -43.9019
155.424, -43.771
155.428, -43.6316
155.432, -43.4943
155.436, -43.3679
155.44, -43.2603
155.444, -43.1778
155.448, -43.1539
155.452, -43.185
155.456, -43.2248
155.46, -43.3053
155.464, -43.4154
155.468, -43.5813
155.472, -43.7534
155.476, -43.93
155.48, -44.0411
155.484, -44.1905
155.488, -44.3162
155.492, -44.4075
155.496, -44.3969
155.5, -44.3693
155.504, -44.3271
155.508, -44.2727
155.512, -44.217
155.516, -44.1696
155.52, -44.0642
155.524, -43.9558
155.528, -43.8449
155.532, -43.7504
155.536, -43.6885
155.54, -43.6543
155.544, -43.6344
155.548, -43.5988
155.552, -43.5965
155.556, -43.5573
155.56, -43.5642
155.564, -43.6037
155.568, -43.6495
155.572, -43.7172
155.576, -43.8524
155.58, -44.0021
155.584, -44.1797
155.588, -44.3602
155.592, -44.5429
155.596, -44.7271
155.6, -44.8781
155.604, -44.9018
155.608, -44.9018
155.612, -44.8925
155.616, -44.8753
155.62, -44.8421
155.624, -44.7488
155.628, -44.6136
155.632, -44.4799
155.636, -44.3381
155.64, -44.1986
155.644, -44.0798
155.648, -43.9229
155.652, -43.7892
155.656, -43.6845
155.66, -43.6325
155.664, -43.5974
155.668, -43.628
155.672, -43.7535
155.676, -43.8961
155.68, -44.0857
155.684, -44.361
155.688, -44.6469
155.692, -44.9405
155.696, -45.2225
155.7, -45.496
155.704, -45.6259
155.708, -45.7202
155.712, -45.7543
155.716, -45.7398
155.72, -45.6996
155.724, -45.5817
155.728, -45.3978
155.732, -45.1946
155.736, -44.9843
155.74, -44.768
155.744, -44.528
155.748, -44.3235
155.752, -44.1399
155.756, -43.9649
155.76, -43.8436
155.764, -43.7774
155.768, -43.7766
155.772, -43.8787
155.776, -44.0559
155.78, -44.2363
155.784, -44.4877
155.788, -44.7906
155.792, -45.1137
155.796, -45.314
155.8, -45.511
155.804, -45.6713
155.808, -45.7532
155.812, -45.7955
155.816, -45.8091
155.82, -45.7494
155.824, -45.6428
155.828, -45.5148
155.832, -45.3593
155.836, -45.2083
155.84, -45.0332
155.844, -44.8561
155.848, -44.6587
155.852, -44.4813
155.856, -44.3301
155.86, -44.2105
155.864, -44.1179
155.868, -44.0761
155.872, -44.0961
155.876, -44.1623
155.88, -44.2791
155.884, -44.4156
155.888, -44.6178
155.892, -44.8507
155.896, -45.0026
155.9, -45.1301
155.904, -45.257
155.908, -45.3664
155.912, -45.4631
155.916, -45.4644
155.92, -45.4654
155.924, -45.4472
155.928, -45.3946
155.932, -45.3033
155.936, -45.1791
155.94, -45.0546
155.944, -44.9301
155.948, -44.796
155.952, -44.6447
155.956, -44.4971
155.96, -44.3807
155.964, -44.2907
155.968, -44.2233
155.972, -44.1845
155.976, -44.1514
155.98, -44.1852
155.984, -44.2785
155.988, -44.415
155.992, -44.5486
155.996, -44.7143
156, -44.8691
156.004, -45.0159
156.008, -45.1569
156.012, -45.2592
156.016, -45.3163
156.02, -45.3406
156.024, -45.3316
156.028, -45.3053
156.032, -45.255
156.036, -45.1936
156.04, -45.1134
156.044, -45.0172
156.048, -44.9074
156.052, -44.7953
156.056, -44.6904
156.06, -44.5918
156.064, -44.5077
156.068, -44.4268
156.072, -44.3671
156.076, -44.3255
156.08, -44.3087
156.084, -44.2943
156.088, -44.3577
156.092, -44.4208
156.096, -44.4667
156.1, -44.5344
156.104, -44.6351
156.108, -44.7599
156.112, -44.8505
156.116, -44.9163
156.12, -44.9468
156.124, -44.969
156.128, -44.9851
156.132, -44.9821
156.136, -44.961
156.14, -44.9337
156.144, -44.8919
156.148, -44.8377
156.152, -44.7544
156.156, -44.6648
156.16, -44.5792
156.164, -44.4877
156.168, -44.4004
156.172, -44.3167
156.176, -44.2361
156.18, -44.2465
156.184, -44.2712
156.188, -44.3408
156.192, -44.7009
156.196, -45.1687
156.2, -45.5429
156.204, -45.849
156.208, -46.0884
156.212, -46.2623
156.216, -46.6121
156.22, -46.9521
156.224, -47.0958
156.228, -47.0779
156.232, -46.9883
156.236, -47.0016
156.24, -46.914
156.244, -46.895
156.248, -46.7674
156.252, -46.5565
156.256, -46.4511
156.26, -46.2777
156.264, -46.0928
156.268, -45.8609
156.272, -45.7841
156.276, -45.6536
156.28, -45.6712
156.284, -45.6316
156.288, -45.6896
156.292, -45.6845
156.296, -45.6522
156.3, -45.8078
156.304, -45.8519
156.308, -45.8135
156.312, -45.725
156.316, -45.724
156.32, -45.9286
156.324, -45.9569
156.328, -45.9029
156.332, -45.9898
156.336, -45.9681
156.34, -45.8847
156.344, -45.9937
156.348, -45.9715
156.352, -45.8875
156.356, -45.621
156.36, -45.329
156.364, -45.0245
156.368, -44.7
156.372, -44.2842
156.376, -43.8834
156.38, -43.4027
156.384, -42.9838
156.388, -42.6361
156.392, -42.2191
156.396, -41.9195
156.4, -41.7477
156.404, -41.7127
156.408, -41.8638
156.412, -42.2143
156.416, -42.4689
156.42, -42.6881
156.424, -43.1225
156.428, -43.6271
156.432, -44.2171
156.436, -44.8175
156.44, -44.9784
156.444, -45.1639
156.448, -45.3331
156.452, -45.4903
156.456, -45.2826
156.46, -45.0778
156.464, -44.8755
156.468, -44.5359
156.472, -44.2094
156.476, -43.8941
156.48, -43.616
156.484, -43.3605
156.488, -43.1706
156.492, -43.0645
156.496, -42.9184
156.5, -42.8403
156.504, -42.8546
156.508, -43.0369
156.512, -43.3757
156.516, -43.7937
156.52, -43.8565
156.524, -44.0568
156.528, -44.3571
156.532, -44.7127
156.536, -44.7474
156.54, -44.7553
156.544, -44.7782
156.548, -44.8292
156.552, -44.8663
156.556, -44.7415
156.56, -44.5516
156.564, -44.3897
156.568, -44.2425
156.572, -44.1171
156.576, -44.0009
156.58, -43.7626
156.584, -43.5782
156.588, -43.4674
156.592, -43.4008
156.596, -43.3162
156.6, -43.2813
156.604, -43.3121
156.608, -43.4378
156.612, -43.6666
156.616, -43.9875
156.62, -44.3066
156.624, -44.5383
156.628, -44.9129
156.632, -44.5677
156.636, -44.2919
156.64, -44.0569
156.644, -43.8381
156.648, -43.5217
156.652, -43.2334
156.656, -42.9785
156.66, -42.7613
156.664, -42.5297
156.668, -42.3881
156.672, -42.3232
156.676, -42.0821
156.68, -41.9603
156.684, -41.94
156.688, -42.0627
156.692, -41.8694
156.696, -41.7882
156.7, -41.8321
156.704, -42.0359
156.708, -42.0137
156.712, -42.1333
156.716, -42.375
156.72, -42.6881
156.724, -42.8639
156.728, -43.0947
156.732, -43.1592
156.736, -43.3263
156.74, -43.4133
156.744, -43.528
156.748, -43.6457
156.752, -43.6796
156.756, -43.7214
156.76, -43.7518
156.764, -43.791
156.768, -43.8367
156.772, -43.8699
156.776, -43.8644
156.78, -43.8504
156.784, -43.8626
156.788, -43.7839
156.792, -43.7447
156.796, -43.7021
156.8, -43.5822
156.804, -43.48
156.808, -43.4208
156.812, -43.389
156.816, -43.3804
156.82, -43.373
156.824, -43.3482
156.828, -43.7562
156.832, -44.1558
156.836, -44.3599
156.84, -44.6114
156.844, -44.88
156.848, -45.161
156.852, -45.5027
156.856, -45.7681
156.86, -45.8061
156.864, -45.8024
156.868, -46.1576
156.872, -46.3814
156.876, -46.475
156.88, -46.4375
156.884, -46.3684
156.888, -46.2724
156.892, -46.1441
156.896, -46.137
156.9, -46.131
156.904, -46.0515
156.908, -45.9746
156.912, -46.2314
156.916, -46.3492
156.92, -46.4175
156.924, -46.4671
156.928, -46.5376
156.932, -46.8467
156.936, -47.0884
156.94, -47.2812
156.944, -47.3868
156.948, -47.4462
156.952, -47.8849
156.956, -48.152
156.96, -48.2944
156.964, -48.329
156.968, -48.3054
156.972, -48.4573
156.976, -48.4645
156.98, -48.3931
156.984, -48.2579
156.988, -48.2853
156.992, -48.2404
156.996, -48.1556
157, -48.0277
157.004, -47.8723
157.008, -47.7027
157.012, -47.5211
157.016, -47.3384
157.02, -47.1642
157.024, -47.2676
157.028, -47.4974
157.032, -47.6643
157.036, -47.7855
157.04, -48.0627
157.044, -48.3156
157.048, -48.7743
157.052, -49.1075
157.056, -49.3839
157.06, -49.5329
157.064, -49.5263
157.068, -49.4649
157.072, -49.4219
157.076, -49.2924
157.08, -49.1449
157.084, -49.0192
157.088, -48.6985
157.092, -48.4345
157.096, -48.1631
157.1, -47.8575
157.104, -47.5229
157.108, -47.182
157.112, -46.9751
157.116, -46.7801
157.12, -46.5954
157.124, -46.4844
157.128, -46.4084
157.132, -46.3807
157.136, -46.406
157.14, -46.579
157.144, -46.7563
157.148, -46.9022
157.152, -47.1974
157.156, -47.4116
157.16, -47.6532
157.164, -47.8286
157.168, -47.9215
157.172, -47.9208
157.176, -48.0229
157.18, -47.9885
157.184, -47.8849
157.188, -47.7317
157.192, -47.5361
157.196, -47.2859
157.2, -46.9891
157.204, -46.6527
157.208, -46.2824
157.212, -45.9483
157.216, -45.6172
157.22, -45.3164
157.224, -45.0508
157.228, -44.908
157.232, -44.8049
157.236, -44.782
157.24, -44.8146
157.244, -44.9415
157.248, -45.2401
157.252, -45.5428
157.256, -45.8487
157.26, -46.1395
157.264, -46.3851
157.268, -46.5807
157.272, -46.7054
157.276, -46.7101
157.28, -46.6561
157.284, -46.5451
157.288, -46.3763
157.292, -46.1582
157.296, -45.8887
157.3, -45.5849
157.304, -45.261
157.308, -44.9292
157.312, -44.6094
157.316, -44.3183
157.32, -44.0702
157.324, -43.8217
157.328, -43.647
157.332, -43.5538
157.336, -43.5394
157.34, -43.6543
157.344, -44.3225
157.348, -44.928
157.352, -45.488
157.356, -45.9979
157.36, -46.4713
157.364, -46.8838
157.368, -47.1662
157.372, -47.2681
157.376, -47.2336
157.38, -47.1022
157.384, -46.8694
157.388, -46.5318
157.392, -46.1048
157.396, -45.6111
157.4, -45.0603
157.404, -44.4703
157.408, -43.884
157.412, -43.3287
157.416, -42.8091
157.42, -42.3755
157.424, -42.0432
157.428, -41.8343
157.432, -41.7491
157.436, -41.821
157.44, -42.0968
157.444, -42.5551
157.448, -43.1458
157.452, -43.8328
157.456, -44.538
157.46, -45.2737
157.464, -45.9283
157.468, -46.4724
157.472, -46.8847
157.476, -47.1325
157.48, -47.2952
157.484, -47.2754
157.488, -47.1564
157.492, -46.9249
157.496, -46.6348
157.5, -46.1833
157.504, -45.8358
157.508, -45.4188
157.512, -44.9614
157.516, -44.4046
157.52, -43.8558
157.524, -43.3232
157.528, -42.8044
157.532, -42.3437
157.536, -41.9511
157.54, -41.6351
157.544, -41.4029
157.548, -41.1865
157.552, -41.0764
157.556, -41.1434
157.56, -41.4156
157.564, -41.8197
157.568, -42.1819
157.572, -42.5653
157.576, -42.9986
157.58, -43.468
157.584, -43.9464
157.588, -44.3626
157.592, -44.6993
157.596, -44.9437
157.6, -45.104
157.604, -44.9626
157.608, -44.7957
157.612, -44.5142
157.616, -44.2001
157.62, -43.8582
157.624, -43.4925
157.628, -43.1252
157.632, -42.7844
157.636, -42.5032
157.64, -42.2822
157.644, -42.0845
157.648, -41.9811
157.652, -41.9765
157.656, -41.9725
157.66, -42.2243
157.664, -42.5792
157.668, -43.0261
157.672, -43.5054
157.676, -43.7675
157.68, -44.0954
157.684, -44.4195
157.688, -44.7236
157.692, -44.9789
157.696, -45.147
157.7, -45.2175
157.704, -45.2343
157.708, -45.213
157.712, -45.0648
157.716, -44.8458
157.72, -44.622
157.724, -44.3757
157.728, -44.1193
157.732, -43.8637
157.736, -43.618
157.74, -43.3901
157.744, -43.2144
157.748, -43.1019
157.752, -42.9966
157.756, -42.9627
157.76, -42.9523
157.764, -43.0908
157.768, -43.3117
157.772, -43.5066
157.776, -43.7856
157.78, -44.0399
157.784, -44.3449
157.788, -44.6524
157.792, -44.9445
157.796, -45.0878
157.8, -45.2091
157.804, -45.2627
157.808, -45.2844
157.812, -45.2279
157.816, -45.1427
157.82, -45.0329
157.824, -44.9022
157.828, -44.7537
157.832, -44.59
157.836, -44.4134
157.84, -44.2536
157.844, -44.0989
157.848, -43.967
157.852, -43.8639
157.856, -43.7946
157.86, -43.7634
157.864, -43.783
157.868, -43.8832
157.872, -44.0419
157.876, -44.226
157.88, -44.4285
157.884, -44.6271
157.888, -44.8573
157.892, -45.0589
157.896, -45.2053
157.9, -45.2944
157.904, -45.2829
157.908, -45.2545
157.912, -45.1839
157.916, -45.1051
157.92, -45.0102
157.924, -44.8643
157.928, -44.7029
157.932, -44.5467
157.936, -44.4136
157.94, -44.3003
157.944, -44.1944
157.948, -44.1134
157.952, -44.0537
157.956, -44.012
157.96, -44.0152
157.964, -44.0862
157.968, -44.2066
157.972, -44.38
157.976, -44.5575
157.98, -44.738
157.984, -44.9207
157.988, -45.0706
157.992, -45.1966
157.996, -45.3053
158, -45.4014
158.004, -45.4196
158.008, -45.4082
158.012, -45.3705
158.016, -45.3106
158.02, -45.2317
158.024, -45.1274
158.028, -45.0013
158.032, -44.8753
158.036, -44.7493
158.04, -44.6234
158.044, -44.5069
158.048, -44.4075
158.052, -44.3229
158.056, -44.26
158.06, -44.2157
158.064, -44.2058
158.068, -44.259
158.072, -44.4008
158.076, -44.5726
158.08, -44.7146
158.084, -44.8349
158.088, -44.9566
158.092, -45.0794
158.096, -45.1857
158.1, -45.2629
158.104, -45.3018
158.108, -45.3472
158.112, -45.363
158.116, -45.3506
158.12, -45.2936
158.124, -45.2172
158.128, -45.1243
158.132, -45.0172
158.136, -44.9074
158.14, -44.7952
158.144, -44.6811
158.148, -44.5745
158.152, -44.4837
158.156, -44.3878
158.16, -44.3153
158.164, -44.2721
158.168, -44.2631
158.172, -44.2662
158.176, -44.3028
158.18, -44.4154
158.184, -44.5487
158.188, -44.6628
158.192, -44.7971
158.196, -44.9291
158.2, -45.4205
158.204, -45.8462
158.208, -46.1725
158.212, -46.6846
158.216, -47.0221
158.22, -47.2155
158.224, -47.4764
158.228, -47.5454
158.232, -47.4888
158.236, -47.5716
158.24, -47.6317
158.244, -47.5437
158.248, -47.3574
158.252, -47.0872
158.256, -46.7548
158.26, -46.3602
158.264, -46.1911
158.268, -45.9354
158.272, -45.6247
158.276, -45.6848
158.28, -45.6711
158.284, -45.6409
158.288, -45.8168
158.292, -46.3057
158.296, -46.6608
158.3, -46.8842
158.304, -46.9948
158.308, -46.9824
158.312, -46.9069
158.316, -46.7682
158.32, -46.5572
158.324, -46.3774
158.328, -46.8159
158.332, -46.9452
158.336, -46.903
158.34, -46.7742
158.344, -46.5994
158.348, -46.3855
158.352, -46.1289
158.356, -45.8267
158.36, -45.4671
158.364, -45.0678
158.368, -44.6533
158.372, -44.2443
158.376, -43.8494
158.38, -43.5036
158.384, -44.4196
158.388, -45.1192
158.392, -45.696
158.396, -46.3728
158.4, -47.0192
158.404, -47.2306
158.408, -47.4356
158.412, -47.4986
158.416, -47.4397
158.42, -47.278
158.424, -47.1403
158.428, -46.5494
158.432, -45.814
158.436, -45.0667
158.44, -44.3277
158.444, -43.5309
158.448, -42.7869
158.452, -42.0322
158.456, -41.4542
158.46, -41.0822
158.464, -40.9137
158.468, -40.9917
158.472, -41.461
158.476, -42.2661
158.48, -43.3152
158.484, -44.5241
158.488, -45.8319
158.492, -46.4204
158.496, -46.607
158.5, -46.8285
158.504, -47.0408
158.508, -47.1435
158.512, -47.1001
158.516, -46.9703
158.52, -46.7761
158.524, -46.2206
158.528, -45.6824
158.532, -44.9638
158.536, -44.305
158.54, -43.7157
158.544, -43.1949
158.548, -42.779
158.552, -42.5174
158.556, -42.4244
158.56, -42.5872
158.564, -43.0494
158.568, -43.7463
158.572, -44.5962
158.576, -45.523
158.58, -46.4884
158.584, -47.1206
158.588, -47.7344
158.592, -48.2661
158.596, -48.6521
158.6, -48.8636
158.604, -48.8629
158.608, -48.4537
158.612, -47.9843
158.616, -46.6372
158.62, -45.0342
158.624, -43.5198
158.628, -41.9135
158.632, -40.4612
158.636, -39.1771
158.64, -37.9251
158.644, -37.0159
158.648, -36.5104
158.652, -36.2187
158.656, -36.4464
158.66, -37.3512
158.664, -38.7649
158.668, -40.5654
158.672, -42.6124
158.676, -44.3052
158.68, -45.5
158.684, -46.7459
158.688, -47.857
158.692, -48.3887
158.696, -48.6715
158.7, -48.6523
158.704, -48.4594
158.708, -48.0814
158.712, -47.5272
158.716, -46.8228
158.72, -45.9905
158.724, -45.0677
158.728, -44.0957
158.732, -43.1188
158.736, -41.8501
158.74, -40.7131
158.744, -39.735
158.748, -38.9479
158.752, -38.2586
158.756, -37.8103
158.76, -37.6233
158.764, -37.5289
158.768, -37.3556
158.772, -37.5464
158.776, -38.1493
158.78, -39.0171
158.784, -39.6472
158.788, -40.3456
158.792, -41.1795
158.796, -42.0774
158.8, -42.5059
158.804, -42.9374
158.808, -43.3195
158.812, -43.6313
158.816, -43.8234
158.82, -43.75
158.824, -43.6133
158.828, -43.4226
158.832, -43.3993
158.836, -43.3146
158.84, -42.9453
158.844, -42.5564
158.848, -42.1693
158.852, -41.9137
158.856, -41.6681
158.86, -41.496
158.864, -41.3772
158.868, -41.7399
158.872, -42.1581
158.876, -42.6166
158.88, -43.1044
158.884, -43.4242
158.888, -43.8284
158.892, -44.122
158.896, -44.404
158.9, -44.6432
158.904, -45.2469
158.908, -45.651
158.912, -46.3916
158.916, -46.878
158.92, -47.1796
158.924, -47.2266
158.928, -47.208
158.932, -47.6084
158.936, -47.7273
158.94, -47.6626
158.944, -47.5053
158.948, -47.2784
158.952, -47.0015
158.956, -46.7284
158.96, -46.4959
158.964, -46.1491
158.968, -45.7885
158.972, -45.4535
158.976, -45.5436
158.98, -45.6607
158.984, -45.7802
158.988, -45.9873
158.992, -46.2753
158.996, -46.6221
159, -47.0115
159.004, -48.5669
159.008, -49.7655
159.012, -51.1346
159.016, -52.129
159.02, -52.8339
159.024, -53.2769
159.028, -53.4266
159.032, -53.7072
159.036, -53.613
159.04, -53.3005
159.044, -52.7742
159.048, -52.0473
159.052, -51.1771
159.056, -50.2128
159.06, -49.1775
159.064, -48.1188
159.068, -47.096
159.072, -46.6608
159.076, -46.2899
159.08, -46.0573
159.084, -45.9891
159.088, -46.1738
159.092, -46.6519
159.096, -47.3775
159.1, -48.2311
159.104, -49.1434
159.108, -50.253
159.112, -51.2136
159.116, -51.9111
159.12, -52.5036
159.124, -52.8822
159.128, -53.1571
159.132, -53.1162
159.136, -53.0535
159.14, -52.805
159.144, -52.3798
159.148, -51.8502
159.152, -51.1761
159.156, -50.3789
159.16, -49.7367
159.164, -49.0221
159.168, -48.2832
159.172, -47.5701
159.176, -46.9252
159.18, -46.5428
159.184, -46.291
159.188, -46.1322
159.192, -46.0804
159.196, -46.188
159.2, -46.4896
159.204, -47.2934
159.208, -48.0318
159.212, -48.8087
159.216, -49.476
159.22, -50.0638
159.224, -50.5077
159.228, -50.7612
159.232, -50.7583
159.236, -50.6166
159.24, -50.3193
159.244, -49.9267
159.248, -49.3786
159.252, -48.7351
159.256, -47.9731
159.26, -47.1381
159.264, -46.3245
159.268, -45.5012
159.272, -44.7346
159.276, -44.0162
159.28, -43.3855
159.284, -42.8667
159.288, -42.5359
159.292, -42.3376
159.296, -42.2428
159.3, -42.3169
159.304, -42.7318
159.308, -43.2739
159.312, -43.9083
159.316, -44.5582
159.32, -45.0989
159.324, -45.6635
159.328, -46.0734
159.332, -46.371
159.336, -46.5183
159.34, -46.511
159.344, -46.4119
159.348, -46.2997
159.352, -46.0925
159.356, -45.7767
159.36, -45.3591
159.364, -44.9011
159.368, -44.4086
159.372, -43.8962
159.376, -43.3666
159.38, -42.8503
159.384, -42.3826
159.388, -42.0025
159.392, -41.6972
159.396, -41.4649
159.4, -41.3133
159.404, -41.277
159.408, -41.3573
159.412, -41.5876
159.416, -41.9097
159.42, -42.2811
159.424, -42.826
159.428, -43.3421
159.432, -43.6308
159.436, -43.8921
159.44, -44.1162
159.444, -44.365
159.448, -44.408
159.452, -44.3785
159.456, -44.2976
159.46, -44.2194
159.464, -44.0784
159.468, -43.8098
159.472, -43.5159
159.476, -43.2005
159.48, -42.8853
159.484, -42.6446
159.488, -42.4116
159.492, -42.1481
159.496, -41.9236
159.5, -41.7601
159.504, -41.6579
159.508, -41.6857
159.512, -41.6781
159.516, -41.7864
159.52, -41.9855
159.524, -42.2676
159.528, -42.6961
159.532, -42.9901
159.536, -43.3068
159.54, -43.6915
159.544, -44.0397
159.548, -44.3098
159.552, -44.4887
159.556, -44.466
159.56, -44.4281
159.564, -44.4051
159.568, -44.3204
159.572, -44.1555
159.576, -43.9686
159.58, -43.8093
159.584, -43.6272
159.588, -43.3884
